 	units	id	index	x	y	z	radius	name-id
1	pixel	110	1	1504	1758	4	13.33	0
2	pixel	110	2	2905.67	765.67	7	13.33	0
3	pixel	110	3	2009.67	1881.33	9	13.33	0
4	pixel	110	4	1108.67	2013.33	11	13.33	0
5	pixel	110	5	1994.33	2116.33	11	13.33	0
6	pixel	110	6	1714.33	2013.33	16	13.33	0
7	pixel	110	7	2478.33	727.33	17	13.33	0
8	pixel	110	8	2813.33	1930	19	13.33	0
9	pixel	113	1	1800.00	712	1	13.33	0
10	pixel	113	2	1613.67	470.67	1	13.33	0
11	pixel	113	3	2308.33	865.33	1	13.33	0
12	pixel	113	4	2623.33	580.33	2	13.33	0
13	pixel	113	5	2238.33	1432.33	2	13.33	0
14	pixel	113	6	1612.33	1923.33	1	13.33	0
15	pixel	113	7	1940.00	929.33	3	13.33	0
16	pixel	113	8	1512.00	1368.33	4	13.33	0
17	pixel	113	9	1134.67	2008.33	4	13.33	0
18	pixel	113	10	1148.33	1980.33	3	13.33	0
19	pixel	113	11	2209.33	1386.33	4	13.33	0
20	pixel	113	12	1171.33	1574.33	3	13.33	0
21	pixel	113	13	1251.33	1749.33	4	13.33	0
22	pixel	113	14	1689.33	2155.33	3	13.33	0
23	pixel	113	15	1758.33	2096.33	4	13.33	0
24	pixel	113	16	1655.33	1415.33	3	13.33	0
25	pixel	113	17	1632.33	1465.33	5	13.33	0
26	pixel	113	18	1756.33	2038.33	5	13.33	0
27	pixel	113	19	2779.33	1891.33	6	13.33	0
28	pixel	113	20	1828.33	2168.33	5	13.33	0
29	pixel	113	21	1101.33	2199.33	6	13.33	0
30	pixel	113	22	1829.00	1167.33	5	13.33	0
31	pixel	113	23	2936.00	1034.33	7	13.33	0
32	pixel	113	24	2889.00	2030.33	7	13.33	0
33	pixel	113	25	1555.00	489.33	10	13.33	0
34	pixel	113	26	2137.00	849.33	10	13.33	0
35	pixel	113	27	1369.00	1192.33	9	13.33	0
36	pixel	113	28	2829.00	682.33	9	13.33	0
37	pixel	113	29	1744.00	1280.33	12	13.33	0
38	pixel	113	30	1096.00	1055.33	12	13.33	0
39	pixel	113	31	1658.67	547.33	12	13.33	0
40	pixel	113	32	2828.67	990.33	12	13.33	0
41	pixel	113	33	1748.67	2297.33	12	13.33	0
42	pixel	113	34	2134.67	2187.33	12	13.33	0
43	pixel	113	35	2306.67	2179.33	12	13.33	0
44	pixel	113	36	2812.67	2135.33	11	13.33	0
45	pixel	113	37	2573.67	1443.33	12	13.33	0
46	pixel	113	38	1144.67	1835.33	12	13.33	0
47	pixel	113	39	1000.67	2267.33	12	13.33	0
48	pixel	113	40	1483.33	665.33	13	13.33	0
49	pixel	113	41	1946.33	542.33	13	13.33	0
50	pixel	113	42	1095.33	391.33	14	13.33	0
51	pixel	113	43	2824.33	800	14	13.33	0
52	pixel	113	44	2424.33	658	14	13.33	0
53	pixel	113	45	2519.33	859	13	13.33	0
54	pixel	113	46	2841.33	754	13	13.33	0
55	pixel	113	47	1655.33	1475	13	13.33	0
56	pixel	113	48	2860.33	1838	13	13.33	0
57	pixel	113	49	2169.33	1900	14	13.33	0
58	pixel	113	50	2428.33	2124	14	13.33	0
59	pixel	113	51	2663.33	2149	13	13.33	0
60	pixel	113	52	1201.33	406.00	16	13.33	0
61	pixel	113	53	2439.33	649	15	13.33	0
62	pixel	113	54	2741.33	471.00	18	13.33	0
63	pixel	113	55	2835.33	1312	17	13.33	0
64	pixel	113	56	1367.33	526	20	13.33	0
65	pixel	113	57	1371.33	1334	19	13.33	0
66	pixel	113	58	2794.33	1943	20	13.33	0
67	pixel	113	59	1256.33	2206	20	13.33	0
68	pixel	113	60	2335.33	831	21	13.33	0
69	pixel	113	61	2897.33	1081	22	13.33	0
70	pixel	113	62	1955.33	1668	21	13.33	0
71	pixel	113	63	1294.33	1794	21	13.33	0
72	pixel	113	64	2392.33	636	24	13.33	0
73	pixel	113	65	1787.33	1402	23	13.33	0
74	pixel	113	66	1691.33	1486	23	13.33	0
75	pixel	113	67	1443.33	1924	26	13.33	0
76	pixel	113	68	1689.33	1911	26	13.33	0
77	pixel	113	69	2633.33	1848	26	13.33	0
78	pixel	113	70	2805.33	2237	25	13.33	0
79	pixel	113	71	2546.33	1023	27	13.33	0
80	pixel	113	72	2708.33	505.00	27	13.33	0
81	pixel	113	73	2271.33	1256	28	13.33	0
82	pixel	113	74	2322.33	2074	28	13.33	0
83	pixel	113	75	1117.33	1332	30	13.33	0
84	pixel	113	76	1156.33	864	30	13.33	0
85	pixel	113	77	1650.33	1852	29	13.33	0
86	pixel	113	78	2071.33	2165	29	13.33	0
87	pixel	116	1	2342.00	646	2	13.33	0
88	pixel	116	2	2499.67	725.67	1	13.33	0
89	pixel	116	3	2082.67	737.67	1	13.33	0
90	pixel	116	4	1942.33	703.67	2	13.33	0
91	pixel	116	5	1235.00	987.67	2	13.33	0
92	pixel	116	6	1317.67	1037.67	1	13.33	0
93	pixel	116	7	1376.67	1369.67	1	13.33	0
94	pixel	116	8	1284.67	1345.67	2	13.33	0
95	pixel	116	9	1570.67	1112.67	2	13.33	0
96	pixel	116	10	1695.67	1143.67	1	13.33	0
97	pixel	116	11	1519.67	1577.67	1	13.33	0
98	pixel	116	12	1615.67	1582.67	1	13.33	0
99	pixel	116	13	1465.67	1518.67	2	13.33	0
100	pixel	116	14	1573.67	1556.67	2	13.33	0
101	pixel	116	15	2574.67	1714.67	2	13.33	0
102	pixel	116	16	2642.67	1808.67	1	13.33	0
103	pixel	116	17	1816.67	2154.67	1	13.33	0
104	pixel	116	18	1806.67	2010.67	2	13.33	0
105	pixel	116	19	1507.67	584.67	3	13.33	0
106	pixel	116	20	1447.67	600.33	4	13.33	0
107	pixel	116	21	1663.67	1239.33	3	13.33	0
108	pixel	116	22	1713.67	1269.33	4	13.33	0
109	pixel	116	23	1020.67	832.33	4	13.33	0
110	pixel	116	24	1095.33	785.33	3	13.33	0
111	pixel	116	25	2208.33	509.33	3	13.33	0
112	pixel	116	26	2153.33	471.00	4	13.33	0
113	pixel	116	27	1635.33	284.67	3	13.33	0
114	pixel	116	28	1531.33	331.33	4	13.33	0
115	pixel	116	29	1448.33	323.33	3	13.33	0
116	pixel	116	30	1333.33	352.33	4	13.33	0
117	pixel	116	31	2574.33	996.33	3	13.33	0
118	pixel	116	32	2595.33	1000.33	4	13.33	0
119	pixel	116	33	2484.33	1596.33	3	13.33	0
120	pixel	116	34	2530.33	1612.33	4	13.33	0
121	pixel	116	35	2546.33	1893.33	4	13.33	0
122	pixel	116	36	2460.33	1882.33	3	13.33	0
123	pixel	116	37	1467.33	2243.33	3	13.33	0
124	pixel	116	38	1863.33	2190.33	3	13.33	0
125	pixel	116	39	2065.33	2231.33	3	13.33	0
126	pixel	116	40	1978.33	2230.33	4	13.33	0
127	pixel	116	41	2181.33	2266.33	4	13.33	0
128	pixel	116	42	1574.33	2321.33	4	13.33	0
129	pixel	116	43	2263.33	2157.33	4	13.33	0
130	pixel	116	44	2185.33	2145.33	3	13.33	0
131	pixel	116	45	1543.33	637.33	5	13.33	0
132	pixel	116	46	1514.33	647.33	6	13.33	0
133	pixel	116	47	1815.33	944.33	6	13.33	0
134	pixel	116	48	1840.33	968.33	5	13.33	0
135	pixel	116	49	957.33	1075.33	5	13.33	0
136	pixel	116	50	951.00	1110.33	6	13.33	0
137	pixel	116	51	1896.67	1393.33	5	13.33	0
138	pixel	116	52	1932.67	1361.33	6	13.33	0
139	pixel	116	53	2925.67	969.33	6	13.33	0
140	pixel	116	54	2912.67	1007.33	5	13.33	0
141	pixel	116	55	1633.67	1670.33	6	13.33	0
142	pixel	116	56	1601.67	1677.33	5	13.33	0
143	pixel	116	57	2328.67	1985.33	5	13.33	0
144	pixel	116	58	2425.67	1950.33	6	13.33	0
145	pixel	116	59	1081.67	1917.33	5	13.33	0
146	pixel	116	60	1156.67	1939.33	6	13.33	0
147	pixel	116	61	2409.67	1692.33	5	13.33	0
148	pixel	116	62	2562.67	1580.33	6	13.33	0
149	pixel	116	63	1518.67	2180.33	6	13.33	0
150	pixel	116	64	1388.67	2193.33	5	13.33	0
151	pixel	116	65	3023.67	2143.33	6	13.33	0
152	pixel	116	66	2909.67	2216.33	5	13.33	0
153	pixel	116	67	2621.67	1066.33	5	13.33	0
154	pixel	116	68	2633.67	1013.33	6	13.33	0
155	pixel	116	69	2314.67	1825.33	5	13.33	0
156	pixel	116	70	2417.67	1773.33	6	13.33	0
157	pixel	116	71	1132.67	941.33	7	13.33	0
158	pixel	116	72	1052.67	1008.33	8	13.33	0
159	pixel	116	73	1461.67	937.33	8	13.33	0
160	pixel	116	74	1549.67	841.33	7	13.33	0
161	pixel	116	75	2153.67	1902.33	7	13.33	0
162	pixel	116	76	2169.67	1977.33	8	13.33	0
163	pixel	116	77	2612.67	1650.33	7	13.33	0
164	pixel	116	78	2576.67	1685.33	8	13.33	0
165	pixel	116	79	1047.67	2266.33	7	13.33	0
166	pixel	116	80	1089.67	2306.33	8	13.33	0
167	pixel	116	81	2176.67	2220.33	7	13.33	0
168	pixel	116	82	2208.67	2245.33	8	13.33	0
169	pixel	116	83	2920.67	2284.33	7	13.33	0
170	pixel	116	84	2964.67	2349.33	8	13.33	0
171	pixel	116	85	1371.67	358.33	9	13.33	0
172	pixel	116	86	1223.67	381.33	10	13.33	0
173	pixel	116	87	1185.67	525.33	9	13.33	0
174	pixel	116	88	1039.67	537.33	10	13.33	0
175	pixel	116	89	2473.67	1114.33	9	13.33	0
176	pixel	116	90	2371.67	1051.33	10	13.33	0
177	pixel	116	91	2321.67	489.33	10	13.33	0
178	pixel	116	92	2468.67	528.33	9	13.33	0
179	pixel	116	93	2404.67	344.33	10	13.33	0
180	pixel	116	94	2508.67	389.33	9	13.33	0
181	pixel	116	95	2892.67	548.33	10	13.33	0
182	pixel	116	96	2912.67	545.33	9	13.33	0
183	pixel	116	97	1380.67	1374.33	10	13.33	0
184	pixel	116	98	1404.67	1334.33	9	13.33	0
185	pixel	116	99	2216.67	1905.33	9	13.33	0
186	pixel	116	100	2293.67	1910.33	10	13.33	0
187	pixel	116	101	1291.67	375.33	11	13.33	0
188	pixel	116	102	1188.67	351.33	12	13.33	0
189	pixel	116	103	1677.67	867.33	12	13.33	0
190	pixel	116	104	1671.67	947.33	11	13.33	0
191	pixel	116	105	1368.67	1055.33	12	13.33	0
192	pixel	116	106	1363.67	1095.33	11	13.33	0
193	pixel	116	107	1353.67	1376.33	12	13.33	0
194	pixel	116	108	1273.67	1420.33	11	13.33	0
195	pixel	116	109	2421.67	548.33	12	13.33	0
196	pixel	116	110	2461.67	659.33	11	13.33	0
197	pixel	116	111	1381.67	1900.33	11	13.33	0
198	pixel	116	112	1513.67	1839.33	12	13.33	0
199	pixel	116	113	910.67	1544.33	11	13.33	0
200	pixel	116	114	1001.33	1509.33	12	13.33	0
201	pixel	116	115	2159.33	1779.33	12	13.33	0
202	pixel	116	116	2084.33	1872.33	11	13.33	0
203	pixel	116	117	2908.33	1980.33	11	13.33	0
204	pixel	116	118	3064.33	1881.33	12	13.33	0
205	pixel	116	119	2788.33	1783.33	11	13.33	0
206	pixel	116	120	2900.33	1643.33	12	13.33	0
207	pixel	116	121	1391.33	2181.33	12	13.33	0
208	pixel	116	122	1177.33	2237.33	11	13.33	0
209	pixel	116	123	2604.33	1575.33	14	13.33	0
210	pixel	116	124	2471.33	1759.33	13	13.33	0
211	pixel	116	125	1035.33	1703.33	13	13.33	0
212	pixel	116	126	1048.33	1559.33	14	13.33	0
213	pixel	116	127	2649.33	1780.33	14	13.33	0
214	pixel	116	128	2515.33	1978.33	13	13.33	0
215	pixel	116	129	1771.33	2208.33	13	13.33	0
216	pixel	116	130	1909.33	2075.33	14	13.33	0
217	pixel	116	131	1308.33	2385.33	13	13.33	0
218	pixel	116	132	1449.33	2252.33	14	13.33	0
219	pixel	116	133	2116.33	935.33	15	13.33	0
220	pixel	116	134	2119.33	915.33	16	13.33	0
221	pixel	116	135	2453.33	899.33	16	13.33	0
222	pixel	116	136	2475.33	956.33	15	13.33	0
223	pixel	116	137	2545.33	860.33	15	13.33	0
224	pixel	116	138	2558.33	813.33	16	13.33	0
225	pixel	116	139	2713.33	1250.33	15	13.33	0
226	pixel	116	140	2741.33	1179.33	16	13.33	0
227	pixel	116	141	2621.33	2320.33	15	13.33	0
228	pixel	116	142	2796.33	2251.33	16	13.33	0
229	pixel	116	143	2515.33	845.33	17	13.33	0
230	pixel	116	144	2537.33	809.33	18	13.33	0
231	pixel	116	145	2504.33	1721.33	17	13.33	0
232	pixel	116	146	2641.33	1745.33	18	13.33	0
233	pixel	116	147	1796.33	440.33	19	13.33	0
234	pixel	116	148	1740.33	515.33	20	13.33	0
235	pixel	116	149	2571.33	882.33	19	13.33	0
236	pixel	116	150	2558.33	929.33	20	13.33	0
237	pixel	116	151	2188.33	1705.33	19	13.33	0
238	pixel	116	152	2259.33	1689.33	20	13.33	0
239	pixel	116	153	1837.33	1876.33	20	13.33	0
240	pixel	116	154	1800.33	1805.33	19	13.33	0
241	pixel	116	155	1316.33	2097.33	19	13.33	0
242	pixel	116	156	1465.33	2137.33	20	13.33	0
243	pixel	116	157	1383.33	2089.33	20	13.33	0
244	pixel	116	158	1263.33	2014.33	19	13.33	0
245	pixel	116	159	920.33	2037.33	19	13.33	0
246	pixel	116	160	1040.33	2129.33	20	13.33	0
247	pixel	116	161	2160.33	1048.33	21	13.33	0
248	pixel	116	162	2334.33	1055.33	22	13.33	0
249	pixel	116	163	2596.33	1126.33	22	13.33	0
250	pixel	116	164	2415.33	1128.33	21	13.33	0
251	pixel	116	165	2797.33	1171.33	22	13.33	0
252	pixel	116	166	2605.33	1198.33	21	13.33	0
253	pixel	116	167	1398.33	1293.33	21	13.33	0
254	pixel	116	168	1580.33	1345.33	22	13.33	0
255	pixel	116	169	1944.33	1700.33	22	13.33	0
256	pixel	116	170	1768.33	1665.33	21	13.33	0
257	pixel	116	171	2320.33	1952.33	21	13.33	0
258	pixel	116	172	2601.33	1981.33	22	13.33	0
259	pixel	116	173	1603.33	2019.33	22	13.33	0
260	pixel	116	174	1380.33	1981.33	21	13.33	0
261	pixel	116	175	2907.33	1848.33	21	13.33	0
262	pixel	116	176	3176.33	1863.33	22	13.33	0
263	pixel	116	177	1284.33	462.33	23	13.33	0
264	pixel	116	178	1240.33	534.33	24	13.33	0
265	pixel	116	179	1313.33	1122.33	24	13.33	0
266	pixel	116	180	1324.33	1058.33	23	13.33	0
267	pixel	116	181	1739.33	1055.33	24	13.33	0
268	pixel	116	182	1764.33	992.33	23	13.33	0
269	pixel	116	183	2473.33	1001.33	24	13.33	0
270	pixel	116	184	2456.33	975.33	23	13.33	0
271	pixel	116	185	2753.33	834.33	24	13.33	0
272	pixel	116	186	2776.33	848.33	23	13.33	0
273	pixel	116	187	2927.33	606.33	23	13.33	0
274	pixel	116	188	2912.33	613.33	24	13.33	0
275	pixel	116	189	1760.33	1972.33	23	13.33	0
276	pixel	116	190	1833.33	2019.33	24	13.33	0
277	pixel	116	191	2453.33	2092.33	23	13.33	0
278	pixel	116	192	2560.33	2096.33	24	13.33	0
279	pixel	116	193	2862.33	2033.33	24	13.33	0
280	pixel	116	194	2765.33	1997.33	23	13.33	0
281	pixel	116	195	2936.33	880.33	25	13.33	0
282	pixel	116	196	2950.33	949.33	26	13.33	0
283	pixel	116	197	2024.33	2290.33	25	13.33	0
284	pixel	116	198	2199.33	2405.33	26	13.33	0
285	pixel	116	199	2553.33	2343.33	26	13.33	0
286	pixel	116	200	2361.33	2248.33	25	13.33	0
287	pixel	116	201	1994.33	1304.33	27	13.33	0
288	pixel	116	202	1985.33	1338.33	28	13.33	0
289	pixel	116	203	1645.33	1295.33	28	13.33	0
290	pixel	116	204	1635.33	1244.33	27	13.33	0
291	pixel	116	205	1495.33	1316.33	27	13.33	0
292	pixel	116	206	1476.33	1377.33	28	13.33	0
293	pixel	116	207	2162.33	562.33	28	13.33	0
294	pixel	116	208	2216.33	528.33	27	13.33	0
295	pixel	116	209	2823.33	510.33	28	13.33	0
296	pixel	116	210	2905.33	514.33	27	13.33	0
297	pixel	116	211	2069.33	1852.33	28	13.33	0
298	pixel	116	212	2035.33	1813.33	27	13.33	0
299	pixel	116	213	2488.33	1331.33	27	13.33	0
300	pixel	116	214	2487.33	1335.33	28	13.33	0
301	pixel	116	215	2206.33	2208.33	27	13.33	0
302	pixel	116	216	2228.33	2233.33	28	13.33	0
303	pixel	116	217	1430.33	723.33	29	13.33	0
304	pixel	116	218	1333.33	703.33	30	13.33	0
305	pixel	116	219	1573.33	1327.33	30	13.33	0
306	pixel	116	220	1595.33	1264.33	29	13.33	0
307	pixel	116	221	2174.33	1411.33	29	13.33	0
308	pixel	116	222	2148.33	1448.33	30	13.33	0
309	pixel	116	223	2222.33	1688.33	30	13.33	0
310	pixel	116	224	2227.33	1648.33	29	13.33	0
311	pixel	116	225	1643.33	2265.33	29	13.33	0
312	pixel	116	226	1674.33	2313.33	30	13.33	0
313	pixel	119	1	2146	1074.00	1	13.33	0
314	pixel	119	2	2101.67	994.67	2	13.33	0
315	pixel	119	3	1640.33	1057.33	4	13.33	0
316	pixel	119	4	1646	1029.33	3	13.33	0
317	pixel	119	5	3010	565.33	3	13.33	0
318	pixel	119	6	2908	518	4	13.33	0
319	pixel	119	7	2633	1228.67	4	13.33	0
320	pixel	119	8	2614	1259.67	3	13.33	0
321	pixel	119	9	1869	1998.67	5	13.33	0
322	pixel	119	10	1959	1974.67	6	13.33	0
323	pixel	119	11	2334	1921.67	8	13.33	0
324	pixel	119	12	2313	1835.67	7	13.33	0
325	pixel	119	13	1383	718.67	12	13.33	0
326	pixel	119	14	1425.67	814.67	11	13.33	0
327	pixel	119	15	2660.67	1705.67	12	13.33	0
328	pixel	119	16	2568.67	1785.67	11	13.33	0
329	pixel	119	17	1377.67	1226.67	16	13.33	0
330	pixel	119	18	1391.33	1199.67	15	13.33	0
331	pixel	119	19	1933.33	448.67	15	13.33	0
332	pixel	119	20	1864.33	420.33	16	13.33	0
333	pixel	119	21	2452.33	1434	17	13.33	0
334	pixel	119	22	2550.33	1440	18	13.33	0
335	pixel	119	23	2740.33	2255	19	13.33	0
336	pixel	119	24	2892.33	2274	20	13.33	0
337	pixel	119	25	983.33	586	21	13.33	0
338	pixel	119	26	1074	675	22	13.33	0
339	pixel	119	27	2728	843	21	13.33	0
340	pixel	119	28	2917	830	22	13.33	0
341	pixel	119	29	1225	1664	26	13.33	0
342	pixel	119	30	1177	1545	25	13.33	0
343	pixel	119	31	2638	2085	27	13.33	0
344	pixel	119	32	2702	2100	28	13.33	0
345	pixel	119	33	1908	627	29	13.33	0
346	pixel	119	34	1801	647	30	13.33	0
347	pixel	122	1	1449	428	2	13.33	0
348	pixel	122	2	2296.67	1486.67	1	13.33	0
349	pixel	122	3	1190.67	1797.67	2	13.33	0
350	pixel	122	4	2780.33	2043.67	2	13.33	0
351	pixel	122	5	2770.33	2119.67	1	13.33	0
352	pixel	122	6	2412.33	1861.67	3	13.33	0
353	pixel	122	7	2294.33	1627.67	6	13.33	0
354	pixel	122	8	1385.33	1881.67	7	13.33	0
355	pixel	122	9	2784.33	812.67	8	13.33	0
356	pixel	122	10	1018.33	2425.67	9	13.33	0
357	pixel	122	11	2233	1620.67	12	13.33	0
358	pixel	122	12	1511	2360.67	11	13.33	0
359	pixel	122	13	2012	2253.67	12	13.33	0
360	pixel	122	14	2102	2228.67	11	13.33	0
361	pixel	122	15	1194	506.67	13	13.33	0
362	pixel	122	16	2492	2107.67	13	13.33	0
363	pixel	122	17	1363	1294.67	15	13.33	0
364	pixel	122	18	2694	1312.67	15	13.33	0
365	pixel	122	19	2872	1359.67	17	13.33	0
366	pixel	122	20	1744	862.67	19	13.33	0
367	pixel	122	21	2260	1810.67	20	13.33	0
368	pixel	122	22	1959	2208.67	20	13.33	0
369	pixel	122	23	1796	2122.67	19	13.33	0
370	pixel	122	24	2893	1019.67	22	13.33	0
371	pixel	122	25	2956	1545.67	21	13.33	0
372	pixel	122	26	1123	579.67	22	13.33	0
373	pixel	122	27	2026	1986.67	25	13.33	0
374	pixel	122	28	2126	2069.67	26	13.33	0
375	pixel	122	29	3599	2378.67	27	13.33	0
376	pixel	122	30	1765	525.67	30	13.33	0
377	pixel	122	31	1645	1925.67	30	13.33	0
