 	units	id	index	x	y	z	radius	name-id
1	pixel	136	1	2466	938.00	3	13.33	0
2	pixel	136	2	1160.67	1652.67	6	13.33	0
3	pixel	136	3	1560.33	2177.67	10	13.33	0
4	pixel	136	4	1206.33	582.67	20	13.33	0
5	pixel	136	5	1045.33	1089.33	27	13.33	0
6	pixel	136	6	1860	2021.33	27	13.33	0
7	pixel	136	7	1158	1523.33	30	13.33	0
8	pixel	136	8	2081	533.33	31	13.33	0
9	pixel	136	9	2738	2115	36	13.33	0
10	pixel	139	1	2031.00	680	1	13.33	0
11	pixel	139	2	2183.67	1067.67	1	13.33	0
12	pixel	139	3	2362.67	823.67	1	13.33	0
13	pixel	139	4	2413.67	1132.67	2	13.33	0
14	pixel	139	5	2663.67	704.67	2	13.33	0
15	pixel	139	6	2659.67	528.67	1	13.33	0
16	pixel	139	7	1255.67	2133.33	2	13.33	0
17	pixel	139	8	2569.33	2294.33	2	13.33	0
18	pixel	139	9	2841.33	2153.33	2	13.33	0
19	pixel	139	10	1238.33	604.33	4	13.33	0
20	pixel	139	11	1879.00	1353.33	4	13.33	0
21	pixel	139	12	1804.00	2265.33	3	13.33	0
22	pixel	139	13	2879	1738.33	4	13.33	0
23	pixel	139	14	1392.00	1589.33	3	13.33	0
24	pixel	139	15	2797	782.33	4	13.33	0
25	pixel	139	16	2176	1233.33	5	13.33	0
26	pixel	139	17	1623.00	1316.33	6	13.33	0
27	pixel	139	18	2026.00	2000.33	6	13.33	0
28	pixel	139	19	1247.00	945.33	11	13.33	0
29	pixel	139	20	2649	1514.33	12	13.33	0
30	pixel	139	21	1057.00	1661.33	12	13.33	0
31	pixel	139	22	1776.67	1381.33	16	13.33	0
32	pixel	139	23	2028.67	1426.33	15	13.33	0
33	pixel	139	24	1882.67	2026.33	16	13.33	0
34	pixel	139	25	2034.67	561.33	17	13.33	0
35	pixel	139	26	1526.67	795.33	18	13.33	0
36	pixel	139	27	1793.67	1239.33	18	13.33	0
37	pixel	139	28	1867.67	1473.33	18	13.33	0
38	pixel	139	29	1684.67	1592.33	18	13.33	0
39	pixel	139	30	2374.67	1884.33	17	13.33	0
40	pixel	139	31	1328.67	753.33	19	13.33	0
41	pixel	139	32	1060.67	1576.33	20	13.33	0
42	pixel	139	33	2932.67	1571.33	20	13.33	0
43	pixel	139	34	1958.67	2280.33	20	13.33	0
44	pixel	139	35	1461.67	2138.33	19	13.33	0
45	pixel	139	36	2383.67	2184.33	19	13.33	0
46	pixel	139	37	1915.67	666.33	21	13.33	0
47	pixel	139	38	1437.67	936.33	21	13.33	0
48	pixel	139	39	2087.67	792.33	21	13.33	0
49	pixel	139	40	1279.67	1681.33	21	13.33	0
50	pixel	139	41	1551.67	1754.33	21	13.33	0
51	pixel	139	42	1087.67	1930.33	22	13.33	0
52	pixel	139	43	2325.67	1153.33	22	13.33	0
53	pixel	139	44	2404.67	1594.33	22	13.33	0
54	pixel	139	45	2101.67	1835.33	21	13.33	0
55	pixel	139	46	2182.67	1765.33	21	13.33	0
56	pixel	139	47	1220.67	2234.33	21	13.33	0
57	pixel	139	48	1841.67	2000.33	21	13.33	0
58	pixel	139	49	2164.67	407.33	22	13.33	0
59	pixel	139	50	1260.67	462.00	24	13.33	0
60	pixel	139	51	1816.67	552	23	13.33	0
61	pixel	139	52	2294.67	1073	23	13.33	0
62	pixel	139	53	1508.67	2247	23	13.33	0
63	pixel	139	54	1141.67	1364	26	13.33	0
64	pixel	139	55	1397.67	592	28	13.33	0
65	pixel	139	56	2410.67	1248	28	13.33	0
66	pixel	139	57	1918.67	1920	28	13.33	0
67	pixel	139	58	2853.67	1305	28	13.33	0
68	pixel	139	59	2132.67	957	29	13.33	0
69	pixel	139	60	1581.67	1339	30	13.33	0
70	pixel	139	61	2630.67	1367	32	13.33	0
71	pixel	139	62	2605.67	1314	31	13.33	0
72	pixel	139	63	1691.67	911	33	13.33	0
73	pixel	139	64	1919.67	1082	34	13.33	0
74	pixel	139	65	2927.67	1189	33	13.33	0
75	pixel	139	66	2568.67	1512	33	13.33	0
76	pixel	139	67	2760.67	1649	33	13.33	0
77	pixel	139	68	1644.67	1778	34	13.33	0
78	pixel	139	69	2716.67	1938	34	13.33	0
79	pixel	139	70	1007.67	418.00	34	13.33	0
80	pixel	139	71	2816.33	1136	35	13.33	0
81	pixel	139	72	2571.33	1033	35	13.33	0
82	pixel	139	73	1326.33	1656	36	13.33	0
83	pixel	139	74	1248.33	1831	36	13.33	0
84	pixel	139	75	1205.33	2071	36	13.33	0
85	pixel	139	76	1451.33	2283	35	13.33	0
86	pixel	139	77	1535.33	781	37	13.33	0
87	pixel	142	1	2331.00	931.00	1	13.33	0
88	pixel	142	2	2292.67	808.67	2	13.33	0
89	pixel	142	3	1830.67	568.33	2	13.33	0
90	pixel	142	4	1894.33	687.00	1	13.33	0
91	pixel	142	5	1990.33	452.00	2	13.33	0
92	pixel	142	6	2022.33	566.67	1	13.33	0
93	pixel	142	7	2684.33	851.67	1	13.33	0
94	pixel	142	8	1701.33	1567.67	1	13.33	0
95	pixel	142	9	1747.00	1469.67	2	13.33	0
96	pixel	142	10	1315	1737.67	2	13.33	0
97	pixel	142	11	1223.67	1883.67	1	13.33	0
98	pixel	142	12	2264.33	1593.67	2	13.33	0
99	pixel	142	13	2198.33	1707.67	1	13.33	0
100	pixel	142	14	2559.33	1778.67	1	13.33	0
101	pixel	142	15	2665.33	1656.67	2	13.33	0
102	pixel	142	16	2617.33	1849.67	2	13.33	0
103	pixel	142	17	2524.33	1959.67	1	13.33	0
104	pixel	142	18	1156.33	2223.67	1	13.33	0
105	pixel	142	19	1312	2084.67	2	13.33	0
106	pixel	142	20	1769.00	1562.67	2	13.33	0
107	pixel	142	21	1743.00	1684.67	1	13.33	0
108	pixel	142	22	2405	2138.67	2	13.33	0
109	pixel	142	23	2277	2250.67	1	13.33	0
110	pixel	142	24	1036	624.67	4	13.33	0
111	pixel	142	25	1042.67	899.67	3	13.33	0
112	pixel	142	26	1489.67	40.67	4	13.33	0
113	pixel	142	27	1581.67	373.33	3	13.33	0
114	pixel	142	28	1999.67	1550.33	4	13.33	0
115	pixel	142	29	1939.67	1830.33	3	13.33	0
116	pixel	142	30	1219.67	2081.33	3	13.33	0
117	pixel	142	31	1329.67	1793.33	4	13.33	0
118	pixel	142	32	2161.67	2009.33	4	13.33	0
119	pixel	142	33	2051.67	2282.33	3	13.33	0
120	pixel	142	34	994.67	1362.33	4	13.33	0
121	pixel	142	35	935.33	1617.33	3	13.33	0
122	pixel	142	36	2352	988.33	5	13.33	0
123	pixel	142	37	2340	1040.33	6	13.33	0
124	pixel	142	38	2499	804.33	6	13.33	0
125	pixel	142	39	2505	783.33	5	13.33	0
126	pixel	142	40	1280	2009.33	5	13.33	0
127	pixel	142	41	1385	2098.33	6	13.33	0
128	pixel	142	42	1931	2067.33	5	13.33	0
129	pixel	142	43	2024	2141.33	6	13.33	0
130	pixel	142	44	1334	2190.33	10	13.33	0
131	pixel	142	45	1348	2235.33	9	13.33	0
132	pixel	142	46	1598	867.33	12	13.33	0
133	pixel	142	47	1690	829.33	11	13.33	0
134	pixel	142	48	2212	1510.33	11	13.33	0
135	pixel	142	49	2135	1530.33	12	13.33	0
136	pixel	142	50	1467	1880.33	12	13.33	0
137	pixel	142	51	1462	1830.33	11	13.33	0
138	pixel	142	52	1900	1809.33	12	13.33	0
139	pixel	142	53	1952	1774.33	11	13.33	0
140	pixel	142	54	2275	1790.33	12	13.33	0
141	pixel	142	55	2364	1765.33	11	13.33	0
142	pixel	142	56	2556	2168.33	11	13.33	0
143	pixel	142	57	2520	2212.33	12	13.33	0
144	pixel	142	58	1212	845.33	15	13.33	0
145	pixel	142	59	1091	826.33	16	13.33	0
146	pixel	142	60	2200	1847.33	16	13.33	0
147	pixel	142	61	2198	1820.33	15	13.33	0
148	pixel	142	62	1366	631.33	17	13.33	0
149	pixel	142	63	1135	634.33	18	13.33	0
150	pixel	142	64	1551	690.33	18	13.33	0
151	pixel	142	65	1785	687.33	17	13.33	0
152	pixel	142	66	1768	760.33	18	13.33	0
153	pixel	142	67	2070	789.33	17	13.33	0
154	pixel	142	68	2225	971.33	18	13.33	0
155	pixel	142	69	2459	997.33	17	13.33	0
156	pixel	142	70	2548	875.33	17	13.33	0
157	pixel	142	71	2342	836.33	18	13.33	0
158	pixel	142	72	2374	1339.33	17	13.33	0
159	pixel	142	73	2149	1283.33	18	13.33	0
160	pixel	142	74	2832	1192.33	17	13.33	0
161	pixel	142	75	2573	1123.33	18	13.33	0
162	pixel	142	76	3002	1092.33	17	13.33	0
163	pixel	142	77	2653	1080.33	18	13.33	0
164	pixel	142	78	1702	1380.33	17	13.33	0
165	pixel	142	79	1518	1393.33	18	13.33	0
166	pixel	142	80	1790	2052.33	18	13.33	0
167	pixel	142	81	1939	2026.33	17	13.33	0
168	pixel	142	82	2805	2230.33	17	13.33	0
169	pixel	142	83	2608	2195.33	18	13.33	0
170	pixel	142	84	1801	808.33	19	13.33	0
171	pixel	142	85	1676	891.33	20	13.33	0
172	pixel	142	86	1528	933.33	19	13.33	0
173	pixel	142	87	1444	1023.33	20	13.33	0
174	pixel	142	88	1760	1261.33	19	13.33	0
175	pixel	142	89	1672	1335.33	20	13.33	0
176	pixel	142	90	1728	1526.33	20	13.33	0
177	pixel	142	91	1791	1435.33	19	13.33	0
178	pixel	142	92	1705	1599.33	19	13.33	0
179	pixel	142	93	1730	1702.33	20	13.33	0
180	pixel	142	94	1163	1856.33	20	13.33	0
181	pixel	142	95	1121	1719.33	19	13.33	0
182	pixel	142	96	1037	1079.33	19	13.33	0
183	pixel	142	97	971.00	1223.33	20	13.33	0
184	pixel	142	98	2279	1890.33	20	13.33	0
185	pixel	142	99	2312	1823.33	19	13.33	0
186	pixel	142	100	2442	1929.33	19	13.33	0
187	pixel	142	101	2432	1995.33	20	13.33	0
188	pixel	142	102	2561	1862.33	20	13.33	0
189	pixel	142	103	2593	1814.33	19	13.33	0
190	pixel	142	104	2184	1468.33	20	13.33	0
191	pixel	142	105	2314	1430.33	19	13.33	0
192	pixel	142	106	1913	2159.33	19	13.33	0
193	pixel	142	107	1929	878.33	22	13.33	0
194	pixel	142	108	2014	902.33	21	13.33	0
195	pixel	142	109	1547	1845.33	21	13.33	0
196	pixel	142	110	1532	1859.33	22	13.33	0
197	pixel	142	111	2057	1581.33	22	13.33	0
198	pixel	142	112	2049	1586.33	21	13.33	0
199	pixel	142	113	1605	1529.33	22	13.33	0
200	pixel	142	114	1685	1569.33	21	13.33	0
201	pixel	142	115	2498	1306.33	21	13.33	0
202	pixel	142	116	2477	1254.33	22	13.33	0
203	pixel	142	117	2805	1647.33	21	13.33	0
204	pixel	142	118	2753	1599.33	22	13.33	0
205	pixel	142	119	1539	2176.33	21	13.33	0
206	pixel	142	120	1569	2194.33	22	13.33	0
207	pixel	142	121	2116	2106.33	21	13.33	0
208	pixel	142	122	2169	2111.33	22	13.33	0
209	pixel	142	123	1546	445.33	23	13.33	0
210	pixel	142	124	1547	414.33	24	13.33	0
211	pixel	142	125	1668	1009.33	23	13.33	0
212	pixel	142	126	1657	1013.33	24	13.33	0
213	pixel	142	127	2052	1073.33	24	13.33	0
214	pixel	142	128	2025	1109.33	23	13.33	0
215	pixel	142	129	2951	554.33	24	13.33	0
216	pixel	142	130	2982	607.33	23	13.33	0
217	pixel	142	131	1524	1481.33	23	13.33	0
218	pixel	142	132	1601	1465.33	24	13.33	0
219	pixel	142	133	1996	1757.33	23	13.33	0
220	pixel	142	134	2061	1733.33	24	13.33	0
221	pixel	142	135	1710	2094.33	23	13.33	0
222	pixel	142	136	1843	2103.33	24	13.33	0
223	pixel	142	137	2256	2019.33	24	13.33	0
224	pixel	142	138	2142	2007.33	23	13.33	0
225	pixel	142	139	2121	772.33	25	13.33	0
226	pixel	142	140	2261	516.33	25	13.33	0
227	pixel	142	141	2197	603.33	26	13.33	0
228	pixel	142	142	2074	875.33	26	13.33	0
229	pixel	142	143	1407	672.33	25	13.33	0
230	pixel	142	144	1327	754.33	26	13.33	0
231	pixel	142	145	2316	1366.33	25	13.33	0
232	pixel	142	146	2286	1462.33	26	13.33	0
233	pixel	142	147	1487	1015.33	27	13.33	0
234	pixel	142	148	1451	1047.33	28	13.33	0
235	pixel	142	149	1213	579.33	27	13.33	0
236	pixel	142	150	1177	614.33	28	13.33	0
237	pixel	142	151	2382	768.33	27	13.33	0
238	pixel	142	152	2284	743.33	28	13.33	0
239	pixel	142	153	2806	579.33	27	13.33	0
240	pixel	142	154	2654	503.33	28	13.33	0
241	pixel	142	155	1529	1750.33	27	13.33	0
242	pixel	142	156	2747	1634.33	27	13.33	0
243	pixel	142	157	2699	1586.33	28	13.33	0
244	pixel	142	158	1460	1238.33	27	13.33	0
245	pixel	142	159	1452	1242.33	28	13.33	0
246	pixel	142	160	2220	848.33	29	13.33	0
247	pixel	142	161	2158	758.33	30	13.33	0
248	pixel	142	162	2741	634.33	30	13.33	0
249	pixel	142	163	2770	768.33	29	13.33	0
250	pixel	142	164	1537	1545.33	29	13.33	0
251	pixel	142	165	1559	1487.33	30	13.33	0
252	pixel	142	166	2043	1744.33	29	13.33	0
253	pixel	142	167	1614	1665.33	30	13.33	0
254	pixel	142	168	2873	1122.33	30	13.33	0
255	pixel	142	169	2874	1238.33	29	13.33	0
256	pixel	142	170	1625	1716.33	29	13.33	0
257	pixel	142	171	2050	1682.33	30	13.33	0
258	pixel	142	172	2442	1853.33	29	13.33	0
259	pixel	142	173	2445	1754.33	30	13.33	0
260	pixel	142	174	2241	1977.33	30	13.33	0
261	pixel	142	175	2217	2049.33	29	13.33	0
262	pixel	142	176	2245	1125.33	32	13.33	0
263	pixel	142	177	2176	1138.33	31	13.33	0
264	pixel	142	178	1928	515.33	31	13.33	0
265	pixel	142	179	1984	479.33	32	13.33	0
266	pixel	142	180	1060	1328.33	31	13.33	0
267	pixel	142	181	1183	1366.33	32	13.33	0
268	pixel	142	182	2593	1194.33	31	13.33	0
269	pixel	142	183	2611	1118.33	32	13.33	0
270	pixel	142	184	2457	1616.33	31	13.33	0
271	pixel	142	185	2553	1588.33	32	13.33	0
272	pixel	142	186	2318	920.33	32	13.33	0
273	pixel	142	187	2313	951.33	31	13.33	0
274	pixel	142	188	1285	443.33	33	13.33	0
275	pixel	142	189	1324	249.33	34	13.33	0
276	pixel	142	190	1459	599.33	34	13.33	0
277	pixel	142	191	1372	730.33	33	13.33	0
278	pixel	142	192	2122	764.33	34	13.33	0
279	pixel	142	193	2048	876.33	33	13.33	0
280	pixel	142	194	965.00	1236.33	33	13.33	0
281	pixel	142	195	1059	1088.33	34	13.33	0
282	pixel	142	196	2806	803.33	33	13.33	0
283	pixel	142	197	2859	695.33	34	13.33	0
284	pixel	142	198	2804	1936.33	33	13.33	0
285	pixel	142	199	2933	1845.33	34	13.33	0
286	pixel	142	200	1552	395.33	33	13.33	0
287	pixel	142	201	1642	276.33	34	13.33	0
288	pixel	142	202	1523	911.33	35	13.33	0
289	pixel	142	203	1441	903.33	36	13.33	0
290	pixel	142	204	1054	508.33	36	13.33	0
291	pixel	142	205	1135	532.33	35	13.33	0
292	pixel	142	206	1059	829.33	35	13.33	0
293	pixel	142	207	937.00	813.33	36	13.33	0
294	pixel	142	208	2348	713.33	35	13.33	0
295	pixel	142	209	2206	709.33	36	13.33	0
296	pixel	142	210	2975	877.33	35	13.33	0
297	pixel	142	211	2800	856.33	36	13.33	0
298	pixel	142	212	1225	1229.33	35	13.33	0
299	pixel	142	213	1153	1223.33	36	13.33	0
300	pixel	142	214	1789	1482.33	35	13.33	0
301	pixel	142	215	1689	1468.33	36	13.33	0
302	pixel	142	216	2684	2269.33	35	13.33	0
303	pixel	142	217	2771	2225.33	36	13.33	0
304	pixel	142	218	1170	1213.33	37	13.33	0
305	pixel	142	219	1248	1307.33	38	13.33	0
306	pixel	142	220	1727	1597.33	38	13.33	0
307	pixel	142	221	1678	1507.33	37	13.33	0
308	pixel	145	1	1647.00	1384.00	1	13.33	0
309	pixel	145	2	1650.67	1254.67	2	13.33	0
310	pixel	145	3	1438.67	830.33	3	13.33	0
311	pixel	145	4	1458.33	546.00	4	13.33	0
312	pixel	145	5	2150.33	1380.67	4	13.33	0
313	pixel	145	6	2144.33	1660.67	3	13.33	0
314	pixel	145	7	2366.33	2018.67	5	13.33	0
315	pixel	145	8	2481.33	2088.67	6	13.33	0
316	pixel	145	9	2043.33	1320.67	12	13.33	0
317	pixel	145	10	2115.33	1297.67	11	13.33	0
318	pixel	145	11	1887.33	443.67	16	13.33	0
319	pixel	145	12	2060.33	408.33	15	13.33	0
320	pixel	145	13	1660.33	1751.00	16	13.33	0
321	pixel	145	14	1713.33	1708.00	15	13.33	0
322	pixel	145	15	2080.33	635.00	18	13.33	0
323	pixel	145	16	2338.33	649.00	17	13.33	0
324	pixel	145	17	1241.33	2056.00	18	13.33	0
325	pixel	145	18	1380.00	2011.00	17	13.33	0
326	pixel	145	19	1300.00	1129.00	21	13.33	0
327	pixel	145	20	1264.00	1106.00	22	13.33	0
328	pixel	145	21	1953.00	1209.00	22	13.33	0
329	pixel	145	22	1952.00	1238.00	21	13.33	0
330	pixel	145	23	1069.00	1196.00	23	13.33	0
331	pixel	145	24	1079.67	1180.00	24	13.33	0
332	pixel	145	25	2177.67	503.00	23	13.33	0
333	pixel	145	26	2125.67	458.00	24	13.33	0
334	pixel	145	27	1305.67	1180.00	27	13.33	0
335	pixel	145	28	1317.67	1214.00	28	13.33	0
336	pixel	145	29	1036.67	1682.00	27	13.33	0
337	pixel	145	30	1073.33	1740.00	28	13.33	0
338	pixel	145	31	1592.33	1780.00	28	13.33	0
339	pixel	145	32	2166.33	2253.00	27	13.33	0
340	pixel	145	33	2251.33	2244.00	28	13.33	0
341	pixel	145	34	978.33	1320.00	27	13.33	0
342	pixel	145	35	1013.00	1351.00	28	13.33	0
343	pixel	145	36	1625.00	1025.00	32	13.33	0
344	pixel	145	37	1555.00	1046.00	31	13.33	0
345	pixel	145	38	2530	2177.00	35	13.33	0
346	pixel	145	39	2482	2173.00	36	13.33	0
347	pixel	148	1	2059.00	1919	4	13.33	0
348	pixel	148	2	2011.67	926.67	11	13.33	0
349	pixel	148	3	1963.33	1437.33	16	13.33	0
350	pixel	148	4	2506.00	1294.33	17	13.33	0
351	pixel	148	5	2416.00	2247.33	20	13.33	0
352	pixel	148	6	1281.00	525.33	23	13.33	0
353	pixel	148	7	2070.67	1280	28	13.33	0
354	pixel	148	8	2306.67	1975	27	13.33	0
355	pixel	148	9	2481.67	1541	29	13.33	0
356	pixel	148	10	2804.67	1085	31	13.33	0
