 	units	id	index	x	y	z	radius	name-id
1	pixel	32	1	1629	411	32	20	0
2	pixel	32	2	2874	424	34	20	0
3	pixel	32	3	2672	1236	42	20	0
4	pixel	32	4	2561	1052	42	20	0
5	pixel	32	5	1444	564	23	20	0
6	pixel	32	6	2065	1302	16	20	0
7	pixel	32	7	1980	386	15	20	0
8	pixel	32	8	2301	1402	44	14.21	0
9	pixel	32	9	1624	1958	44	14.21	0
10	pixel	32	10	1191	1039	44	14.21	0
11	pixel	32	11	2105.79	1888	46	11.05	0
12	pixel	32	12	1540.79	1850	45	11.05	0
13	pixel	32	13	1922.79	570	47	11.05	0
14	pixel	32	14	2042.79	727	47	11.05	0
15	pixel	32	15	1777.79	1832	47	11.05	0
16	pixel	32	16	1609.79	482	49	11.05	0
17	pixel	32	17	1968.79	1478	50	11.05	0
18	pixel	32	18	914.79	1179	54	11.05	0
19	pixel	32	19	1464.74	757	53	11.05	0
20	pixel	32	20	2519.74	1158	35	11.05	0
21	pixel	41	1	1254.00	511	1	13.33	0
22	pixel	41	2	1187.67	879.67	2	13.33	0
23	pixel	41	3	1300.33	1342.67	1	13.33	0
24	pixel	41	4	2621.33	518.67	2	13.33	0
25	pixel	41	5	2647.33	962.67	1	13.33	0
26	pixel	41	6	2518.33	380.67	1	13.33	0
27	pixel	41	7	1270.33	2207.33	2	13.33	0
28	pixel	41	8	840.33	1510.33	1	13.33	0
29	pixel	41	9	1473.00	778.33	3	13.33	0
30	pixel	41	10	1461.00	1204.33	4	13.33	0
31	pixel	41	11	1125.00	1834.33	3	13.33	0
32	pixel	41	12	1581.00	1821.33	3	13.33	0
33	pixel	41	13	934.00	1908.33	4	13.33	0
34	pixel	41	14	902.00	2182.33	4	13.33	0
35	pixel	41	15	1782.00	2199.33	3	13.33	0
36	pixel	41	16	2163	1012.33	4	13.33	0
37	pixel	41	17	2279	1284.33	3	13.33	0
38	pixel	41	18	2475	915.33	4	13.33	0
39	pixel	41	19	2349	2302.33	4	13.33	0
40	pixel	41	20	1986.00	1939.33	4	13.33	0
41	pixel	41	21	1903.00	1065.33	3	13.33	0
42	pixel	41	22	2099	1047.33	3	13.33	0
43	pixel	41	23	1933.00	1201.33	3	13.33	0
44	pixel	41	24	1166.00	2041.33	4	13.33	0
45	pixel	41	25	1232.00	1388.33	5	13.33	0
46	pixel	41	26	2516	1810.33	5	13.33	0
47	pixel	41	27	2663	1364.33	5	13.33	0
48	pixel	41	28	2780	1448.33	5	13.33	0
49	pixel	41	29	2599	1059.33	6	13.33	0
50	pixel	41	30	2784	760.33	5	13.33	0
51	pixel	41	31	2843	424.33	8	13.33	0
52	pixel	41	32	1960.00	897.33	8	13.33	0
53	pixel	41	33	2085	2221.33	8	13.33	0
54	pixel	41	34	2012.00	1830.33	7	13.33	0
55	pixel	41	35	1338.00	2014.33	8	13.33	0
56	pixel	41	36	2737	796.33	8	13.33	0
57	pixel	41	37	2824	1590.33	7	13.33	0
58	pixel	41	38	841.00	792.33	8	13.33	0
59	pixel	41	39	1644.00	1053.33	10	13.33	0
60	pixel	41	40	1744.00	1218.33	9	13.33	0
61	pixel	41	41	1881.00	1410.33	9	13.33	0
62	pixel	41	42	2177	2301.33	10	13.33	0
63	pixel	41	43	2695	563.33	10	13.33	0
64	pixel	41	44	1214.00	679.33	11	13.33	0
65	pixel	41	45	1997.00	397.33	12	13.33	0
66	pixel	41	46	2045.00	2004.33	12	13.33	0
67	pixel	41	47	1687.00	1554.33	12	13.33	0
68	pixel	41	48	1482.00	1574.33	11	13.33	0
69	pixel	41	49	2061	550.33	12	13.33	0
70	pixel	41	50	943.00	651.33	12	13.33	0
71	pixel	41	51	2569	1090.33	13	13.33	0
72	pixel	41	52	2199	521.33	14	13.33	0
73	pixel	41	53	973.00	1888.33	13	13.33	0
74	pixel	41	54	1828.00	1900.33	13	13.33	0
75	pixel	41	55	2685	1460.33	14	13.33	0
76	pixel	41	56	1336.00	486.33	15	13.33	0
77	pixel	41	57	1472.00	782.33	15	13.33	0
78	pixel	41	58	1317.00	1010.33	15	13.33	0
79	pixel	41	59	1991.00	524.33	15	13.33	0
80	pixel	41	60	1423.00	1354.33	16	13.33	0
81	pixel	41	61	2161	396.33	16	13.33	0
82	pixel	41	62	1961.00	306.33	18	13.33	0
83	pixel	41	63	1298.00	1423	17	13.33	0
84	pixel	41	64	996.00	1041	18	13.33	0
85	pixel	41	65	1348.00	528	19	13.33	0
86	pixel	41	66	1262.00	1804	20	13.33	0
87	pixel	41	67	2551	1408	20	13.33	0
88	pixel	41	68	2717	2143	22	13.33	0
89	pixel	41	69	2644	2287	22	13.33	0
90	pixel	41	70	1325.00	705	23	13.33	0
91	pixel	41	71	1459.00	937.00	24	13.33	0
92	pixel	41	72	1505.00	1674	24	13.33	0
93	pixel	41	73	1101.00	1945	24	13.33	0
94	pixel	41	74	2566	2137	24	13.33	0
95	pixel	41	75	2886	2118	24	13.33	0
96	pixel	41	76	2801	608	26	13.33	0
97	pixel	41	77	2822	2231	26	13.33	0
98	pixel	41	78	2508	583	27	13.33	0
99	pixel	41	79	2077	2186	27	13.33	0
100	pixel	41	80	1014.00	965.00	29	13.33	0
101	pixel	41	81	2154	628	29	13.33	0
102	pixel	41	82	2281	694	29	13.33	0
103	pixel	41	83	1906.00	2252	29	13.33	0
104	pixel	41	84	870.00	1159	29	13.33	0
105	pixel	41	85	1321.00	1235	32	13.33	0
106	pixel	41	86	1396.00	1283	31	13.33	0
107	pixel	41	87	2864	1613	32	13.33	0
108	pixel	41	88	1774.00	2090	31	13.33	0
109	pixel	41	89	2395	1957	32	13.33	0
110	pixel	41	90	2269	1482	33	13.33	0
111	pixel	41	91	2381	1390	33	13.33	0
112	pixel	41	92	2707	256.00	33	13.33	0
113	pixel	41	93	1387.00	2062.67	33	13.33	0
114	pixel	41	94	1815.00	1464.67	34	13.33	0
115	pixel	41	95	2205	2179.67	34	13.33	0
116	pixel	41	96	1556.00	1962.67	34	13.33	0
117	pixel	41	97	1943.00	1098.67	37	13.33	0
118	pixel	41	98	2057	390.67	38	13.33	0
119	pixel	41	99	2575	1482.67	38	13.33	0
120	pixel	41	100	2684	1724.67	38	13.33	0
121	pixel	41	101	2795	1759.67	38	13.33	0
122	pixel	41	102	2354	2077.67	37	13.33	0
123	pixel	41	103	2403	1792.67	37	13.33	0
124	pixel	41	104	2748	1903.67	38	13.33	0
125	pixel	41	105	1004.00	1564.67	37	13.33	0
126	pixel	41	106	1778.00	1546.67	38	13.33	0
127	pixel	41	107	1509.00	817.67	39	13.33	0
128	pixel	41	108	1271.00	1045.67	39	13.33	0
129	pixel	41	109	1365.00	973.67	39	13.33	0
130	pixel	41	110	1919.00	1259.67	39	13.33	0
131	pixel	41	111	2285	1032.67	40	13.33	0
132	pixel	41	112	1592.00	1709.67	40	13.33	0
133	pixel	41	113	1660.00	1851.67	39	13.33	0
134	pixel	41	114	1509.00	2322.67	39	13.33	0
135	pixel	41	115	1332.00	2328.67	40	13.33	0
136	pixel	41	116	1982.00	2136.67	40	13.33	0
137	pixel	41	117	1381.00	538.67	42	13.33	0
138	pixel	41	118	1264.00	1019.67	41	13.33	0
139	pixel	41	119	1678.00	880.67	41	13.33	0
140	pixel	41	120	1208.00	1988.67	41	13.33	0
141	pixel	41	121	1925.00	873.67	42	13.33	0
142	pixel	41	122	2521	782.67	42	13.33	0
143	pixel	41	123	2877	1335.67	41	13.33	0
144	pixel	41	124	2695	429.67	42	13.33	0
145	pixel	41	125	1167.00	865.67	43	13.33	0
146	pixel	41	126	1954.00	759.67	43	13.33	0
147	pixel	41	127	1865.00	878.67	44	13.33	0
148	pixel	41	128	2871	915.67	43	13.33	0
149	pixel	41	129	2864	2183.67	43	13.33	0
150	pixel	41	130	2394	2154.67	44	13.33	0
151	pixel	41	131	2019.00	2238.67	44	13.33	0
152	pixel	41	132	1510.00	2165.67	44	13.33	0
153	pixel	41	133	2444	1333.67	23	13.33	0
154	pixel	41	134	1460.00	1223.67	46	13.33	0
155	pixel	41	135	2369	1866.67	46	13.33	0
156	pixel	41	136	1194.00	480.67	47	13.33	0
157	pixel	41	137	1188.00	576.67	48	13.33	0
158	pixel	41	138	2472	691.67	47	13.33	0
159	pixel	41	139	2201	399.67	48	13.33	0
160	pixel	41	140	1656.00	1811.67	48	13.33	0
161	pixel	41	141	1579.00	1827.67	47	13.33	0
162	pixel	41	142	925.00	1718.67	48	13.33	0
163	pixel	41	143	1955.00	1388.67	48	13.33	0
164	pixel	41	144	1289.00	1595.67	48	13.33	0
165	pixel	41	145	1571.00	961.67	49	13.33	0
166	pixel	41	146	1784.00	997.67	50	13.33	0
167	pixel	41	147	1732.00	2157.67	50	13.33	0
168	pixel	41	148	1072.00	1365.67	50	13.33	0
169	pixel	41	149	2550	651.67	49	13.33	0
170	pixel	41	150	2111	1330.67	49	13.33	0
171	pixel	41	151	2118	2037.67	50	13.33	0
172	pixel	41	152	1483.00	1876.67	49	13.33	0
173	pixel	41	153	2037.00	1205.67	50	13.33	0
174	pixel	41	154	2260	2245.67	51	13.33	0
175	pixel	41	155	2030.00	1859.67	51	13.33	0
176	pixel	41	156	1358.00	742.67	52	13.33	0
177	pixel	41	157	2750	1569.67	52	13.33	0
178	pixel	41	158	2654	1713.67	51	13.33	0
179	pixel	41	159	2117	2101.67	51	13.33	0
180	pixel	41	160	941.00	1391.67	51	13.33	0
181	pixel	41	161	2387	785.67	52	13.33	0
182	pixel	41	162	1609.00	613.67	52	13.33	0
183	pixel	41	163	2799	506.67	52	13.33	0
184	pixel	41	164	1521.00	1242.67	54	13.33	0
185	pixel	41	165	1702.00	685.67	54	13.33	0
186	pixel	41	166	2751	1247.67	54	13.33	0
187	pixel	41	167	2635	596.67	54	13.33	0
188	pixel	41	168	2329	585.67	54	13.33	0
189	pixel	41	169	1587.00	2166.67	53	13.33	0
190	pixel	41	170	1923.00	693.67	35	13.33	0
191	pixel	41	171	1940.00	726.67	36	13.33	0
192	pixel	41	172	2847	789.67	35	13.33	0
193	pixel	44	1	1617.00	714	1	13.33	0
194	pixel	44	2	1597.67	555.67	2	13.33	0
195	pixel	44	3	1697.33	802.33	1	13.33	0
196	pixel	44	4	1715.33	662.33	2	13.33	0
197	pixel	44	5	1921.33	790.33	1	13.33	0
198	pixel	44	6	1943.33	662.33	2	13.33	0
199	pixel	44	7	1264.33	1030.33	1	13.33	0
200	pixel	44	8	1283	834.33	2	13.33	0
201	pixel	44	9	1531.00	1624.33	1	13.33	0
202	pixel	44	10	1489.00	1576.33	2	13.33	0
203	pixel	44	11	1836.00	1966.33	1	13.33	0
204	pixel	44	12	1780.00	1918.33	2	13.33	0
205	pixel	44	13	2329.00	1771.33	1	13.33	0
206	pixel	44	14	2272.00	1770.33	2	13.33	0
207	pixel	44	15	1912.00	1392.33	1	13.33	0
208	pixel	44	16	2001.00	1374.33	2	13.33	0
209	pixel	44	17	2279.00	1175.33	1	13.33	0
210	pixel	44	18	2247.00	1124.33	2	13.33	0
211	pixel	44	19	2731.00	1806.33	1	13.33	0
212	pixel	44	20	2620.00	1893.33	1	13.33	0
213	pixel	44	21	2644.00	1825.33	2	13.33	0
214	pixel	44	22	2519.00	1906.33	2	13.33	0
215	pixel	44	23	2664.00	1659.33	2	13.33	0
216	pixel	44	24	2760.00	1670.33	1	13.33	0
217	pixel	44	25	2639.00	731.33	1	13.33	0
218	pixel	44	26	2643.00	701.33	2	13.33	0
219	pixel	44	27	1225	525.33	3	13.33	0
220	pixel	44	28	1340.67	529	4	13.33	0
221	pixel	44	29	2134.67	703	3	13.33	0
222	pixel	44	30	2378.67	647	4	13.33	0
223	pixel	44	31	2074.67	1771.00	3	13.33	0
224	pixel	44	32	2116.67	1795.00	4	13.33	0
225	pixel	44	33	2634.67	1867.00	3	13.33	0
226	pixel	44	34	2650.67	1933.00	4	13.33	0
227	pixel	44	35	890.67	1938.00	3	13.33	0
228	pixel	44	36	1839.33	1316	3	13.33	0
229	pixel	44	37	1923.33	1325	4	13.33	0
230	pixel	44	38	1460.33	483.00	5	13.33	0
231	pixel	44	39	1645.33	384.67	6	13.33	0
232	pixel	44	40	1338.33	683.33	5	13.33	0
233	pixel	44	41	1513.33	546.33	6	13.33	0
234	pixel	44	42	2031.33	686.33	5	13.33	0
235	pixel	44	43	2192.33	687.33	6	13.33	0
236	pixel	44	44	923.33	1236.33	5	13.33	0
237	pixel	44	45	1034.33	1037.33	6	13.33	0
238	pixel	44	46	930.33	1384.33	5	13.33	0
239	pixel	44	47	1015.33	1193.33	6	13.33	0
240	pixel	44	48	1410.33	1883.33	5	13.33	0
241	pixel	44	49	1445.33	1773.33	6	13.33	0
242	pixel	44	50	1626.33	1923.33	5	13.33	0
243	pixel	44	51	1729.33	1855.33	6	13.33	0
244	pixel	44	52	1391.33	2221.33	5	13.33	0
245	pixel	44	53	1472.33	2130.33	6	13.33	0
246	pixel	44	54	1073.33	2186.33	6	13.33	0
247	pixel	44	55	1045.33	2357.33	5	13.33	0
248	pixel	44	56	2527.33	1924.33	5	13.33	0
249	pixel	44	57	2560.33	2005.33	6	13.33	0
250	pixel	44	58	1984.33	1654.33	5	13.33	0
251	pixel	44	59	2055.33	1600.33	6	13.33	0
252	pixel	44	60	2393.33	1581.33	5	13.33	0
253	pixel	44	61	2487.33	1637.33	6	13.33	0
254	pixel	44	62	2163.33	1170.33	7	13.33	0
255	pixel	44	63	2217.33	1246.33	8	13.33	0
256	pixel	44	64	1961.33	1082.33	7	13.33	0
257	pixel	44	65	2073.33	1036.33	8	13.33	0
258	pixel	44	66	2373.33	992.33	7	13.33	0
259	pixel	44	67	2501.33	1052.33	8	13.33	0
260	pixel	44	68	2631.33	738.33	8	13.33	0
261	pixel	44	69	2605.33	720.33	7	13.33	0
262	pixel	44	70	2617.33	1242.33	8	13.33	0
263	pixel	44	71	2525.33	1148.33	7	13.33	0
264	pixel	44	72	1529.33	2162.33	7	13.33	0
265	pixel	44	73	1499.33	2184.33	8	13.33	0
266	pixel	44	74	1249.33	2258.33	8	13.33	0
267	pixel	44	75	1265.33	2344.33	7	13.33	0
268	pixel	44	76	885.33	1578.33	7	13.33	0
269	pixel	44	77	860.00	1422.33	8	13.33	0
270	pixel	44	78	842.67	930.33	7	13.33	0
271	pixel	44	79	1007.33	714.33	8	13.33	0
272	pixel	44	80	1245.33	848.33	8	13.33	0
273	pixel	44	81	1109.33	982.33	7	13.33	0
274	pixel	44	82	1511.33	388.33	7	13.33	0
275	pixel	44	83	1695.33	279.33	8	13.33	0
276	pixel	44	84	1759.33	2151	7	13.33	0
277	pixel	44	85	1911.33	2107	7	13.33	0
278	pixel	44	86	1903.33	2104	8	13.33	0
279	pixel	44	87	1730.33	2123	8	13.33	0
280	pixel	44	88	1073.33	550	9	13.33	0
281	pixel	44	89	1221.33	469.00	10	13.33	0
282	pixel	44	90	1745.33	854.00	9	13.33	0
283	pixel	44	91	1831.33	827.00	10	13.33	0
284	pixel	44	92	810.33	1808	9	13.33	0
285	pixel	44	93	851.00	1657	10	13.33	0
286	pixel	44	94	1942	1655	9	13.33	0
287	pixel	44	95	1927	1641	10	13.33	0
288	pixel	44	96	1379.00	1992	9	13.33	0
289	pixel	44	97	1363.00	1903	10	13.33	0
290	pixel	44	98	1686.00	1896	10	13.33	0
291	pixel	44	99	1645.00	2100	10	13.33	0
292	pixel	44	100	1708.00	1933	9	13.33	0
293	pixel	44	101	1675.00	2142	9	13.33	0
294	pixel	44	102	2326	2039	9	13.33	0
295	pixel	44	103	2435	1718	9	13.33	0
296	pixel	44	104	2242	2061	10	13.33	0
297	pixel	44	105	2466	1782	10	13.33	0
298	pixel	44	106	2423	1501	10	13.33	0
299	pixel	44	107	2398	1430	9	13.33	0
300	pixel	44	108	2266	1141	9	13.33	0
301	pixel	44	109	2298	1187	10	13.33	0
302	pixel	44	110	2850.00	432.00	10	13.33	0
303	pixel	44	111	2681	273	9	13.33	0
304	pixel	44	112	1338.00	581.67	11	13.33	0
305	pixel	44	113	1544.00	481.67	12	13.33	0
306	pixel	44	114	1098	801.67	11	13.33	0
307	pixel	44	115	1304.00	696.67	12	13.33	0
308	pixel	44	116	1058	1281.67	11	13.33	0
309	pixel	44	117	1108	1083.67	12	13.33	0
310	pixel	44	118	1138	1711.67	11	13.33	0
311	pixel	44	119	1207	1556.67	12	13.33	0
312	pixel	44	120	1204	1856.67	12	13.33	0
313	pixel	44	121	1163	2001.67	11	13.33	0
314	pixel	44	122	1539.00	1632.67	12	13.33	0
315	pixel	44	123	1464.00	1787.67	11	13.33	0
316	pixel	44	124	2806	2010.67	11	13.33	0
317	pixel	44	125	2852.00	2118.67	12	13.33	0
318	pixel	44	126	1999	1699.67	11	13.33	0
319	pixel	44	127	2074	1695.67	12	13.33	0
320	pixel	44	128	2707	768.67	12	13.33	0
321	pixel	44	129	2426	750.67	11	13.33	0
322	pixel	44	130	931.00	2205.67	11	13.33	0
323	pixel	44	131	924.00	2094.67	12	13.33	0
324	pixel	44	132	2456	1867.67	12	13.33	0
325	pixel	44	133	2371	1826.67	11	13.33	0
326	pixel	44	134	2250	2182.67	12	13.33	0
327	pixel	44	135	2243	2148.67	11	13.33	0
328	pixel	44	136	1422.00	1303.67	13	13.33	0
329	pixel	44	137	1575.00	1127.67	14	13.33	0
330	pixel	44	138	1766.00	644.67	13	13.33	0
331	pixel	44	139	1958	512.67	14	13.33	0
332	pixel	44	140	1927	464.67	13	13.33	0
333	pixel	44	141	2070	342.67	14	13.33	0
334	pixel	44	142	2495	1547.67	13	13.33	0
335	pixel	44	143	2575	1607.67	14	13.33	0
336	pixel	44	144	2209	1968.67	13	13.33	0
337	pixel	44	145	2323	1964.67	13	13.33	0
338	pixel	44	146	2244	1968.67	14	13.33	0
339	pixel	44	147	2327	1980.67	14	13.33	0
340	pixel	44	148	2534	1955.67	13	13.33	0
341	pixel	44	149	2555	2011.67	14	13.33	0
342	pixel	44	150	2714	1727.67	13	13.33	0
343	pixel	44	151	2756	1802.67	14	13.33	0
344	pixel	44	152	1559.00	1743.67	13	13.33	0
345	pixel	44	153	1601.00	1626.67	14	13.33	0
346	pixel	44	154	1802.00	2321.67	13	13.33	0
347	pixel	44	155	1759.00	2274.67	14	13.33	0
348	pixel	44	156	2466	2272.67	13	13.33	0
349	pixel	44	157	2448	2317.67	14	13.33	0
350	pixel	44	158	2264	359.67	13	13.33	0
351	pixel	44	159	2444	362.67	14	13.33	0
352	pixel	44	160	914.00	854.67	14	13.33	0
353	pixel	44	161	792.00	1046.67	13	13.33	0
354	pixel	44	162	1639.67	298.67	13	13.33	0
355	pixel	44	163	1913.67	160.67	14	13.33	0
356	pixel	44	164	1215.67	966.33	16	13.33	0
357	pixel	44	165	1153.67	1120.33	15	13.33	0
358	pixel	44	166	1982.67	1000.33	15	13.33	0
359	pixel	44	167	2084.67	1017.33	16	13.33	0
360	pixel	44	168	1053.67	1297.33	15	13.33	0
361	pixel	44	169	1195.67	1213.33	16	13.33	0
362	pixel	44	170	1146.67	1411.33	16	13.33	0
363	pixel	44	171	1087.67	1516.33	15	13.33	0
364	pixel	44	172	896.67	1944.33	15	13.33	0
365	pixel	44	173	912.67	2027.33	15	13.33	0
366	pixel	44	174	921.67	1776.33	16	13.33	0
367	pixel	44	175	920.67	1874.33	16	13.33	0
368	pixel	44	176	2355.67	754.33	15	13.33	0
369	pixel	44	177	2489.67	815.33	16	13.33	0
370	pixel	44	178	2450.67	476.33	15	13.33	0
371	pixel	44	179	2596.67	544.33	16	13.33	0
372	pixel	44	180	1889.67	501.33	18	13.33	0
373	pixel	44	181	1734.67	622.33	17	13.33	0
374	pixel	44	182	1337.67	434.33	17	13.33	0
375	pixel	44	183	1508.67	316.33	18	13.33	0
376	pixel	44	184	900.67	427.33	17	13.33	0
377	pixel	44	185	1117.67	230.33	18	13.33	0
378	pixel	44	186	1634.67	992.33	17	13.33	0
379	pixel	44	187	1800.67	854.33	18	13.33	0
380	pixel	44	188	1626.67	1471.33	17	13.33	0
381	pixel	44	189	1702.67	1343.33	18	13.33	0
382	pixel	44	190	1168.67	1288.33	18	13.33	0
383	pixel	44	191	1090.67	1471.33	17	13.33	0
384	pixel	44	192	1530.67	1805.33	18	13.33	0
385	pixel	44	193	1456.67	1927.33	17	13.33	0
386	pixel	44	194	1996.67	2173.33	18	13.33	0
387	pixel	44	195	1977.67	2223.33	17	13.33	0
388	pixel	44	196	2290.67	2100.33	18	13.33	0
389	pixel	44	197	2246.67	2097.33	17	13.33	0
390	pixel	44	198	2616.67	1695.33	17	13.33	0
391	pixel	44	199	2668.67	1739.33	18	13.33	0
392	pixel	44	200	2627.67	1531.33	17	13.33	0
393	pixel	44	201	2666.67	1602.33	18	13.33	0
394	pixel	44	202	2838.67	1469.33	17	13.33	0
395	pixel	44	203	2890.67	1582.33	18	13.33	0
396	pixel	44	204	2601.67	634.33	17	13.33	0
397	pixel	44	205	2745.67	714.33	18	13.33	0
398	pixel	44	206	1381.67	352.33	19	13.33	0
399	pixel	44	207	1152.67	398.33	19	13.33	0
400	pixel	44	208	1183.67	364.33	20	13.33	0
401	pixel	44	209	2092.67	449.33	19	13.33	0
402	pixel	44	210	1367.67	345.33	20	13.33	0
403	pixel	44	211	2092.67	551.33	20	13.33	0
404	pixel	44	212	1094.67	1297.33	19	13.33	0
405	pixel	44	213	996.67	1267.33	20	13.33	0
406	pixel	44	214	1224.67	1381.33	19	13.33	0
407	pixel	44	215	1096.67	1379.33	20	13.33	0
408	pixel	44	216	1094.67	1945.33	20	13.33	0
409	pixel	44	217	1248.67	1941.33	19	13.33	0
410	pixel	44	218	1250.67	2047.33	19	13.33	0
411	pixel	44	219	1086.67	2067.33	20	13.33	0
412	pixel	44	220	2192.67	2145.33	19	13.33	0
413	pixel	44	221	2000.67	2314.33	20	13.33	0
414	pixel	44	222	2631.67	2289.33	19	13.33	0
415	pixel	44	223	2427.67	2493.33	20	13.33	0
416	pixel	44	224	1794.67	1825.33	19	13.33	0
417	pixel	44	225	1650.67	1903.33	20	13.33	0
418	pixel	44	226	2506.67	995.33	21	13.33	0
419	pixel	44	227	2632.67	1173.33	21	13.33	0
420	pixel	44	228	2630.67	1205.33	22	13.33	0
421	pixel	44	229	2564.67	1033.33	22	13.33	0
422	pixel	44	230	2164.67	1989.33	21	13.33	0
423	pixel	44	231	2012.67	1981.33	22	13.33	0
424	pixel	44	232	838.67	2238.33	22	13.33	0
425	pixel	44	233	1014.67	2332.33	21	13.33	0
426	pixel	44	234	2056.67	2312.33	21	13.33	0
427	pixel	44	235	1894.67	2324.33	22	13.33	0
428	pixel	44	236	883.67	795.33	23	13.33	0
429	pixel	44	237	909.67	681.33	24	13.33	0
430	pixel	44	238	883.67	849.33	24	13.33	0
431	pixel	44	239	895.67	993.33	23	13.33	0
432	pixel	44	240	2491.67	1790.33	23	13.33	0
433	pixel	44	241	2371.67	1869.33	24	13.33	0
434	pixel	44	242	2115.67	1243.33	23	13.33	0
435	pixel	44	243	2093.67	1307.33	24	13.33	0
436	pixel	44	244	1186.67	1832.33	23	13.33	0
437	pixel	44	245	1089.67	1751.33	24	13.33	0
438	pixel	44	246	996.67	1268.33	23	13.33	0
439	pixel	44	247	1013.67	1145.33	24	13.33	0
440	pixel	44	248	2141.67	1625.33	24	13.33	0
441	pixel	44	249	2180.67	1539.33	23	13.33	0
442	pixel	44	250	2601.67	682.33	25	13.33	0
443	pixel	44	251	2850.67	2067.33	25	13.33	0
444	pixel	44	252	2833.67	2104.33	26	13.33	0
445	pixel	44	253	2488.67	721.33	27	13.33	0
446	pixel	44	254	2575.67	804.33	28	13.33	0
447	pixel	44	255	2210.67	1515.33	27	13.33	0
448	pixel	44	256	2175.67	1522.33	28	13.33	0
449	pixel	44	257	2529.67	2064.33	27	13.33	0
450	pixel	44	258	2476.67	2132.33	28	13.33	0
451	pixel	44	259	2491.67	2310.33	28	13.33	0
452	pixel	44	260	2607.67	2253.33	27	13.33	0
453	pixel	44	261	2867.67	1904.33	28	13.33	0
454	pixel	44	262	2926.67	1789.33	27	13.33	0
455	pixel	44	263	1476.67	2046.33	28	13.33	0
456	pixel	44	264	1545.67	2120.33	27	13.33	0
457	pixel	44	265	1662.67	864.33	30	13.33	0
458	pixel	44	266	1535.67	899.33	29	13.33	0
459	pixel	44	267	1437.67	1334.33	29	13.33	0
460	pixel	44	268	1524.67	1309.33	30	13.33	0
461	pixel	44	269	2086.67	1119.33	29	13.33	0
462	pixel	44	270	2228.67	1140.33	30	13.33	0
463	pixel	44	271	2825.67	1135.33	29	13.33	0
464	pixel	44	272	2968.67	1281.33	30	13.33	0
465	pixel	44	273	2506.67	1747.33	30	13.33	0
466	pixel	44	274	2423.67	1661.33	29	13.33	0
467	pixel	44	275	1387.67	1885.33	30	13.33	0
468	pixel	44	276	1411.67	1914.33	29	13.33	0
469	pixel	44	277	1741.67	1710.33	30	13.33	0
470	pixel	44	278	1710.67	1686.33	29	13.33	0
471	pixel	44	279	1487.67	2297.33	30	13.33	0
472	pixel	44	280	1590.67	2272.33	29	13.33	0
473	pixel	44	281	2577.67	2108.33	29	13.33	0
474	pixel	44	282	2552.67	2192.33	30	13.33	0
475	pixel	44	283	1035.67	566.33	31	13.33	0
476	pixel	44	284	1213.67	467.33	32	13.33	0
477	pixel	44	285	1798.67	1035.33	31	13.33	0
478	pixel	44	286	1847.67	962.33	32	13.33	0
479	pixel	44	287	1915.67	1247.33	31	13.33	0
480	pixel	44	288	2028.67	1236.33	32	13.33	0
481	pixel	44	289	1218.67	830.33	32	13.33	0
482	pixel	44	290	1000.67	927.33	31	13.33	0
483	pixel	44	291	1390.67	1067.33	31	13.33	0
484	pixel	44	292	1570.67	961.33	32	13.33	0
485	pixel	44	293	908.67	881.33	32	13.33	0
486	pixel	44	294	753.67	1045.33	31	13.33	0
487	pixel	44	295	2745.33	856.33	31	13.33	0
488	pixel	44	296	2811.33	774.33	32	13.33	0
489	pixel	44	297	2570.33	649.33	31	13.33	0
490	pixel	44	298	2882.33	963.33	32	13.33	0
491	pixel	44	299	2269.33	1282.33	31	13.33	0
492	pixel	44	300	2365.33	1296.33	32	13.33	0
493	pixel	44	301	1477.33	1787.33	31	13.33	0
494	pixel	44	302	1646.33	1977.33	31	13.33	0
495	pixel	44	303	1705.33	1911.33	32	13.33	0
496	pixel	44	304	1560.33	1685.33	32	13.33	0
497	pixel	44	305	1988.33	1903.33	32	13.33	0
498	pixel	44	306	1955.33	1949.33	31	13.33	0
499	pixel	44	307	958.33	1893.33	31	13.33	0
500	pixel	44	308	1049.33	1723.33	32	13.33	0
501	pixel	44	309	2855.33	2228.33	31	13.33	0
502	pixel	44	310	2842.33	2317.33	32	13.33	0
503	pixel	44	311	1303.33	1580.33	33	13.33	0
504	pixel	44	312	1253.33	1443.33	34	13.33	0
505	pixel	44	313	1330.33	2234.33	33	13.33	0
506	pixel	44	314	1258.33	2083.33	34	13.33	0
507	pixel	44	315	1967.33	2313.33	34	13.33	0
508	pixel	44	316	2066.33	2335.33	33	13.33	0
509	pixel	44	317	1080.33	829.33	33	13.33	0
510	pixel	44	318	1063.33	497.33	34	13.33	0
511	pixel	44	319	1018.33	1172.33	33	13.33	0
512	pixel	44	320	912.33	891.33	34	13.33	0
513	pixel	44	321	1051.33	1114.33	37	13.33	0
514	pixel	44	322	1187.33	911.33	37	13.33	0
515	pixel	44	323	1218.33	703.33	38	13.33	0
516	pixel	44	324	1073.33	975.33	38	13.33	0
517	pixel	44	325	1971.33	909.33	38	13.33	0
518	pixel	44	326	1821.33	901.33	37	13.33	0
519	pixel	44	327	1617.33	337.33	37	13.33	0
520	pixel	44	328	1744.33	210.33	38	13.33	0
521	pixel	44	329	2057.33	1405.33	38	13.33	0
522	pixel	44	330	2044.33	1451.33	37	13.33	0
523	pixel	44	331	1557.33	1633.33	37	13.33	0
524	pixel	44	332	1541.33	1517.33	38	13.33	0
525	pixel	44	333	1051.33	1644.33	38	13.33	0
526	pixel	44	334	1541.33	1406.33	37	13.33	0
527	pixel	44	335	1503.33	1325.33	38	13.33	0
528	pixel	44	336	2865.33	955.33	37	13.33	0
529	pixel	44	337	2879.33	979.33	38	13.33	0
530	pixel	44	338	2730.33	451.33	37	13.33	0
531	pixel	44	339	2869.33	483.33	38	13.33	0
532	pixel	44	340	2739.33	1401.33	37	13.33	0
533	pixel	44	341	2709.33	1424.33	38	13.33	0
534	pixel	44	342	2189.33	2033.33	37	13.33	0
535	pixel	44	343	2231.33	2046.33	38	13.33	0
536	pixel	44	344	1627.33	2155.33	37	13.33	0
537	pixel	44	345	1562.33	2079.33	38	13.33	0
538	pixel	44	346	1605.33	2312.33	38	13.33	0
539	pixel	44	347	1735.33	2393.33	37	13.33	0
540	pixel	44	348	1266.33	2125.33	37	13.33	0
541	pixel	44	349	1154.33	1964.33	38	13.33	0
542	pixel	44	350	1029.33	1895.33	38	13.33	0
543	pixel	44	351	1157.33	2050.33	37	13.33	0
544	pixel	44	352	1192.33	1963.33	37	13.33	0
545	pixel	44	353	1146.33	1814.33	38	13.33	0
546	pixel	44	354	1079.33	1802.33	37	13.33	0
547	pixel	44	355	947.33	546.33	40	13.33	0
548	pixel	44	356	845.33	701.33	39	13.33	0
549	pixel	44	357	1087.33	1133.33	39	13.33	0
550	pixel	44	358	1173.33	982.33	40	13.33	0
551	pixel	44	359	1529.33	1517.33	39	13.33	0
552	pixel	44	360	1561.33	1434.33	40	13.33	0
553	pixel	44	361	2143.33	709.33	39	13.33	0
554	pixel	44	362	2254.33	666.33	40	13.33	0
555	pixel	44	363	2415.33	960.33	39	13.33	0
556	pixel	44	364	2535.33	946.33	40	13.33	0
557	pixel	44	365	1520.33	2058.33	39	13.33	0
558	pixel	44	366	1937.33	2327.33	39	13.33	0
559	pixel	44	367	1868.33	2252.33	40	13.33	0
560	pixel	44	368	1430.33	1953.33	40	13.33	0
561	pixel	44	369	1133.33	363.33	42	13.33	0
562	pixel	44	370	920.33	439.33	41	13.33	0
563	pixel	44	371	2117.33	432.33	42	13.33	0
564	pixel	44	372	1576.33	527.33	41	13.33	0
565	pixel	44	373	1107.33	1202.33	42	13.33	0
566	pixel	44	374	1081.33	1298.33	41	13.33	0
567	pixel	44	375	1349.33	1039.33	41	13.33	0
568	pixel	44	376	1487.33	978.33	42	13.33	0
569	pixel	44	377	1419.33	1209.33	41	13.33	0
570	pixel	44	378	1509.33	1156.33	42	13.33	0
571	pixel	44	379	2827.33	612.33	42	13.33	0
572	pixel	44	380	2726.33	544.33	41	13.33	0
573	pixel	44	381	2529.33	849.33	41	13.33	0
574	pixel	44	382	2635.33	893.33	42	13.33	0
575	pixel	44	383	1982.33	2327.33	42	13.33	0
576	pixel	44	384	2016.33	2298.33	41	13.33	0
577	pixel	44	385	1863.33	1997.33	41	13.33	0
578	pixel	44	386	1870.33	2025.33	42	13.33	0
579	pixel	44	387	2137.33	1025.33	42	13.33	0
580	pixel	44	388	1956.33	997.33	41	13.33	0
581	pixel	44	389	2026.33	916.33	41	13.33	0
582	pixel	44	390	2218.33	896.33	42	13.33	0
583	pixel	44	391	1255.33	796.33	43	13.33	0
584	pixel	44	392	1370.33	760.33	44	13.33	0
585	pixel	44	393	2106.33	1115.33	44	13.33	0
586	pixel	44	394	2205.33	1113.33	44	13.33	0
587	pixel	44	395	2013.33	1096.33	43	13.33	0
588	pixel	44	396	2187.33	1055.33	43	13.33	0
589	pixel	44	397	1218.33	1479.33	43	13.33	0
590	pixel	44	398	1225.33	1452.33	44	13.33	0
591	pixel	44	399	2011.33	664.33	43	13.33	0
592	pixel	44	400	2128.33	673.33	44	13.33	0
593	pixel	44	401	2864.33	1231.33	44	13.33	0
594	pixel	44	402	2826.33	1103.33	43	13.33	0
595	pixel	44	403	2436.33	1780.33	43	13.33	0
596	pixel	44	404	2621.33	1648.33	43	13.33	0
597	pixel	44	405	2553.33	1751.33	44	13.33	0
598	pixel	44	406	2438.33	1913.33	44	13.33	0
599	pixel	44	407	2792.33	1695.33	43	13.33	0
600	pixel	44	408	2728.33	1826.33	44	13.33	0
601	pixel	44	409	1844.33	1575.33	43	13.33	0
602	pixel	44	410	1841.33	1620.33	44	13.33	0
603	pixel	44	411	1750.33	1739.33	44	13.33	0
604	pixel	44	412	1745.33	1707.33	43	13.33	0
605	pixel	44	413	1063.33	2199.33	43	13.33	0
606	pixel	44	414	938.33	2169.33	44	13.33	0
607	pixel	44	415	832.33	2257.33	44	13.33	0
608	pixel	44	416	938.33	2309.33	43	13.33	0
609	pixel	44	417	879.33	783.33	24	13.33	0
610	pixel	44	418	987.33	941.33	23	13.33	0
611	pixel	44	419	1987.33	414.33	43	13.33	0
612	pixel	44	420	2120.33	431.33	44	13.33	0
613	pixel	44	421	2098.33	1370.33	46	13.33	0
614	pixel	44	422	2057.33	1371.33	45	13.33	0
615	pixel	44	423	2436.33	1457.33	45	13.33	0
616	pixel	44	424	2506.33	1525.33	46	13.33	0
617	pixel	44	425	2505.33	1147.33	45	13.33	0
618	pixel	44	426	2592.33	1233.33	46	13.33	0
619	pixel	44	427	2867.33	1521.33	45	13.33	0
620	pixel	44	428	2983.33	1622.33	46	13.33	0
621	pixel	44	429	2235.33	2029.33	45	13.33	0
622	pixel	44	430	2234.33	2105.33	46	13.33	0
623	pixel	44	431	2315.33	1961.33	46	13.33	0
624	pixel	44	432	2293.33	1891.33	45	13.33	0
625	pixel	44	433	2096.33	1992.33	45	13.33	0
626	pixel	44	434	2134.33	2026.33	46	13.33	0
627	pixel	44	435	1478.33	1941.33	45	13.33	0
628	pixel	44	436	1510.33	1867.33	46	13.33	0
629	pixel	44	437	1884.33	1522.33	45	13.33	0
630	pixel	44	438	1936.33	1503.33	46	13.33	0
631	pixel	44	439	914.33	2003.33	45	13.33	0
632	pixel	44	440	981.33	1885.33	46	13.33	0
633	pixel	44	441	1130.33	1509.33	45	13.33	0
634	pixel	44	442	1145.33	1416.33	46	13.33	0
635	pixel	44	443	868.33	474.33	47	13.33	0
636	pixel	44	444	893.33	447.33	48	13.33	0
637	pixel	44	445	2050.33	453.33	48	13.33	0
638	pixel	44	446	1964.33	431.33	47	13.33	0
639	pixel	44	447	2405.33	437.33	47	13.33	0
640	pixel	44	448	2457.33	489.33	48	13.33	0
641	pixel	44	449	2351.33	1036.33	48	13.33	0
642	pixel	44	450	2316.33	1009.33	47	13.33	0
643	pixel	44	451	2667.33	571.33	47	13.33	0
644	pixel	44	452	2705.33	625.33	48	13.33	0
645	pixel	44	453	2667.33	1865.33	47	13.33	0
646	pixel	44	454	2571.33	1941.33	48	13.33	0
647	pixel	44	455	2142.33	2320.33	48	13.33	0
648	pixel	44	456	2385.33	2276.33	47	13.33	0
649	pixel	44	457	1674.33	1603.33	47	13.33	0
650	pixel	44	458	1596.33	1577.33	48	13.33	0
651	pixel	44	459	1537.33	1940.33	47	13.33	0
652	pixel	44	460	1381.33	1921.33	48	13.33	0
653	pixel	44	461	2101.33	1905.33	48	13.33	0
654	pixel	44	462	2165.33	1881.33	47	13.33	0
655	pixel	44	463	1085.33	2205.33	48	13.33	0
656	pixel	44	464	1260.33	2272.33	47	13.33	0
657	pixel	44	465	1650.33	1316.33	47	13.33	0
658	pixel	44	466	1650.33	1347.33	48	13.33	0
659	pixel	44	467	1174.33	1278.33	47	13.33	0
660	pixel	44	468	1142.33	1240.33	48	13.33	0
661	pixel	44	469	1220.33	1176.33	47	13.33	0
662	pixel	44	470	1240.33	1095.33	48	13.33	0
663	pixel	44	471	1698.33	867.33	49	13.33	0
664	pixel	44	472	1730.33	878.33	50	13.33	0
665	pixel	44	473	2261.33	731.33	50	13.33	0
666	pixel	44	474	2122.33	657.33	49	13.33	0
667	pixel	44	475	2329.33	777.33	50	13.33	0
668	pixel	44	476	2231.33	713.33	49	13.33	0
669	pixel	44	477	2463.33	995.33	49	13.33	0
670	pixel	44	478	2513.33	1139.33	50	13.33	0
671	pixel	44	479	2639.33	1131.33	49	13.33	0
672	pixel	44	480	2671.33	1249.33	50	13.33	0
673	pixel	44	481	2857.33	1509.33	50	13.33	0
674	pixel	44	482	2818.33	1415.33	49	13.33	0
675	pixel	44	483	2634.33	2157.33	49	13.33	0
676	pixel	44	484	2568.33	2319.33	50	13.33	0
677	pixel	44	485	1778.33	1953.33	49	13.33	0
678	pixel	44	486	1728.33	2005.33	50	13.33	0
679	pixel	44	487	1550.33	2125.33	50	13.33	0
680	pixel	44	488	1628.33	2123.33	49	13.33	0
681	pixel	44	489	1291.33	1908.33	49	13.33	0
682	pixel	44	490	1237.33	1906.33	50	13.33	0
683	pixel	44	491	2072.33	1139.33	50	13.33	0
684	pixel	44	492	2052.33	1081.33	49	13.33	0
685	pixel	44	493	2469.33	1945.33	49	13.33	0
686	pixel	44	494	2362.33	1930.33	50	13.33	0
687	pixel	44	495	2647.33	921.33	49	13.33	0
688	pixel	44	496	2711.33	1024.33	50	13.33	0
689	pixel	44	497	2754.33	461.33	49	13.33	0
690	pixel	44	498	2856.33	576.33	50	13.33	0
691	pixel	44	499	1674.33	1401.33	51	13.33	0
692	pixel	44	500	1724.33	1375.33	52	13.33	0
693	pixel	44	501	1966.33	1717.33	51	13.33	0
694	pixel	44	502	2006.33	1737.33	52	13.33	0
695	pixel	44	503	2056.33	2201.33	51	13.33	0
696	pixel	44	504	2014.33	2223.33	52	13.33	0
697	pixel	44	505	2282.33	1995.33	51	13.33	0
698	pixel	44	506	2248.33	2047.33	52	13.33	0
699	pixel	44	507	1144.33	2203.33	52	13.33	0
700	pixel	44	508	1138.33	2343.33	51	13.33	0
701	pixel	44	509	1176.33	1333.33	52	13.33	0
702	pixel	44	510	1134.33	1439.33	51	13.33	0
703	pixel	44	511	2320.33	487.33	51	13.33	0
704	pixel	44	512	2434.33	523.33	52	13.33	0
705	pixel	44	513	1598.33	383.33	51	13.33	0
706	pixel	44	514	1740.33	361.33	52	13.33	0
707	pixel	44	515	919.33	1771.33	51	13.33	0
708	pixel	44	516	953.33	1649.33	52	13.33	0
709	pixel	44	517	2735.33	646.33	51	13.33	0
710	pixel	44	518	2883.33	752.33	52	13.33	0
711	pixel	44	519	2282.33	1296.33	52	13.33	0
712	pixel	44	520	2255.33	1273.33	51	13.33	0
713	pixel	44	521	1169.33	662.33	53	13.33	0
714	pixel	44	522	1139.33	610.33	54	13.33	0
715	pixel	44	523	1275.33	388.33	53	13.33	0
716	pixel	44	524	1305.33	316.33	54	13.33	0
717	pixel	44	525	1938.33	1661.33	54	13.33	0
718	pixel	44	526	2051.33	1646.33	53	13.33	0
719	pixel	44	527	1819.33	1653.33	54	13.33	0
720	pixel	44	528	1914.33	1638.33	53	13.33	0
721	pixel	44	529	1502.33	1751.33	53	13.33	0
722	pixel	44	530	1349.33	1788.33	54	13.33	0
723	pixel	44	531	2123.33	2164.33	53	13.33	0
724	pixel	44	532	1929.33	2227.33	54	13.33	0
725	pixel	44	533	2346.33	2137.33	53	13.33	0
726	pixel	44	534	2137.33	2246.33	54	13.33	0
727	pixel	44	535	1118.33	2184.33	54	13.33	0
728	pixel	44	536	791.33	2160.33	54	13.33	0
729	pixel	44	537	1095.33	2160.33	53	13.33	0
730	pixel	44	538	1369.33	2164.33	53	13.33	0
731	pixel	44	539	1704.33	2123.33	53	13.33	0
732	pixel	44	540	1527.33	2154.33	54	13.33	0
733	pixel	44	541	1386.33	1010.33	54	13.33	0
734	pixel	44	542	1437.33	1063.33	53	13.33	0
735	pixel	44	543	2722.33	930.33	53	13.33	0
736	pixel	44	544	2687.33	1049.33	54	13.33	0
737	pixel	44	545	2446.33	975.33	53	13.33	0
738	pixel	44	546	2425.33	1065.33	54	13.33	0
739	pixel	44	547	2064.33	391.33	54	13.33	0
740	pixel	44	548	1951.33	315.33	53	13.33	0
741	pixel	44	549	1969.33	499.33	54	13.33	0
742	pixel	44	550	1952.33	470.33	53	13.33	0
743	pixel	44	551	1603.33	409.33	53	13.33	0
744	pixel	44	552	1606.33	419.33	54	13.33	0
745	pixel	44	553	925.33	1002.33	53	13.33	0
746	pixel	44	554	843.33	958.33	54	13.33	0
747	pixel	44	555	809.33	894.33	35	13.33	0
748	pixel	44	556	915.33	729.33	36	13.33	0
749	pixel	50	1	2645	882	21	20	0
750	pixel	50	2	2682	935	22	20	0
751	pixel	50	3	2819	1642	23	20	0
752	pixel	50	4	2687	1812	24	20	0
753	pixel	50	5	2731	679	26	20	0
754	pixel	50	6	2013	410	28	12	0
755	pixel	50	7	1900	444	27	12	0
756	pixel	50	8	1589	2327	37	12	0
757	pixel	50	9	1484	2213	38	12	0
758	pixel	50	10	1780	1885	15	12	0
759	pixel	50	11	1830	1799	16	12	0
760	pixel	50	12	1925	423	43	12	0
761	pixel	50	13	2045	413	44	12	0
762	pixel	50	14	1722	397	44	12	0
763	pixel	50	15	1601	445	43	12	0
764	pixel	50	16	1956	1893	43	12	0
765	pixel	50	17	1916	1962	44	12	0
766	pixel	50	18	1591	1726	44	12	0
767	pixel	50	19	1608	1694	43	12	0
768	pixel	50	20	1194	1603	43	12	0
769	pixel	50	21	1169	1568	44	12	0
770	pixel	50	22	1140	1756	44	12	0
771	pixel	50	23	1185	1767	43	12	0
772	pixel	50	24	1553	832	44	12	0
773	pixel	50	25	1511	888	43	12	0
774	pixel	50	26	1878	2269	46	12	0
775	pixel	50	27	1918	2262	45	12	0
776	pixel	50	28	1546	851	48	12	0
777	pixel	50	29	1523	872	47	12	0
778	pixel	50	30	1749	1517	48	12	0
779	pixel	50	31	1758	1485	47	12	0
780	pixel	50	32	2157	1042	49	12	0
781	pixel	50	33	2199	1090	50	12	0
782	pixel	50	34	964	2107	49	12	0
783	pixel	50	35	899	2067	50	12	0
784	pixel	50	36	2542	1243	52	12	0
785	pixel	50	37	2505	1199	51	12	0
786	pixel	50	38	1584	614	54	12	0
787	pixel	50	39	1691	596	53	12	0
788	pixel	50	40	1918	1135	53	12	0
789	pixel	50	41	1798	1184	53	12	0
790	pixel	50	42	1744	1188	54	12	0
791	pixel	50	43	1863	1118	54	12	0
792	pixel	50	44	1430	1676	50	12	0
793	pixel	50	45	1453	1665	49	12	0
794	pixel	50	46	1824	1357	49	12	0
795	pixel	50	47	1855	1401	50	12	0
796	pixel	50	48	951	336	54	12	0
797	pixel	50	49	959	376	53	12	0
798	pixel	50	50	1245	1084	35	12	0
799	pixel	50	51	1232	994	36	12	0
800	pixel	50	52	2177	405	35	12	0
801	pixel	50	53	2270	453	36	12	0
802	pixel	50	54	2172	1007	36	12	0
803	pixel	50	55	2113	997	35	12	0
804	pixel	50	56	2587	1495	36	12	0
805	pixel	50	57	2623	1429	35	12	0
806	pixel	50	58	2671	1683	36	12	0
807	pixel	50	59	2700	1597	35	12	0
808	pixel	50	60	2818	1611	35	12	0
809	pixel	50	61	2766	1701	36	12	0
810	pixel	56	1	2669.67	1009.33	4	13.33	0
811	pixel	56	2	2802.33	1267	6	13.33	0
812	pixel	56	3	2370.33	1212	5	13.33	0
813	pixel	56	4	2399.00	2121	7	13.33	0
814	pixel	56	5	2284.00	2292	8	13.33	0
815	pixel	56	6	2104.67	727	9	13.33	0
816	pixel	56	7	2661.33	1781.67	11	13.33	0
817	pixel	56	8	2707.33	1007.67	13	13.33	0
818	pixel	56	9	1671.33	2163.67	14	13.33	0
819	pixel	56	10	2560.00	2178.67	14	13.33	0
820	pixel	56	11	1976.00	1887.67	17	13.33	0
821	pixel	56	12	925.00	1479.67	17	13.33	0
822	pixel	56	13	2254.67	1721.67	27	13.33	0
823	pixel	56	14	2155.67	1749.67	28	13.33	0
824	pixel	56	15	1402.67	1943.67	34	13.33	0
825	pixel	56	16	1154.67	984.67	38	13.33	0
826	pixel	56	17	2568.67	1476.67	41	13.33	0
827	pixel	56	18	1052.67	1433.67	41	13.33	0
828	pixel	56	19	1393.67	405.67	23	13.33	0
829	pixel	56	20	1377.67	1960.33	16	13.33	0
830	pixel	56	21	2772.67	605.33	43	13.33	0
831	pixel	56	22	1704.67	2067.33	44	13.33	0
832	pixel	56	23	1032.67	1621.33	44	13.33	0
833	pixel	56	24	2339.67	409.33	46	13.33	0
834	pixel	56	25	2258.67	401.33	45	13.33	0
835	pixel	56	26	1396.67	557.00	47	13.33	0
836	pixel	56	27	2755.67	1848	47	13.33	0
837	pixel	56	28	2542.67	2187	50	13.33	0
838	pixel	56	29	1692.67	1698	50	13.33	0
839	pixel	56	30	1105.67	1120	49	13.33	0
840	pixel	56	31	1138.67	1060	50	13.33	0
841	pixel	56	32	2557.67	710.00	51	13.33	0
