 	units	id	index	x	y	z	radius	name-id
1	pixel	99	1	2173	1857.00	4	13.33	0
2	pixel	99	2	1856.67	627.67	5	13.33	0
3	pixel	99	3	1166.33	1556.33	12	13.33	0
4	pixel	99	4	1536	1967.33	15	13.33	0
5	pixel	99	5	2972	1982.33	16	13.33	0
6	pixel	99	6	2076	393.33	19	13.33	0
7	pixel	99	7	1500	1948	21	13.33	0
8	pixel	99	8	1133	977	24	13.33	0
9	pixel	99	9	2661.67	1618	26	13.33	0
10	pixel	102	1	1468	727	1	13.33	0
11	pixel	102	2	2113.67	586.67	1	13.33	0
12	pixel	102	3	2252.67	494.33	2	13.33	0
13	pixel	102	4	2384.67	384.00	1	13.33	0
14	pixel	102	5	1213.67	876.67	3	13.33	0
15	pixel	102	6	1077.33	1155.67	3	13.33	0
16	pixel	102	7	1452	986.67	3	13.33	0
17	pixel	102	8	2539	921.67	4	13.33	0
18	pixel	102	9	2843	1013.67	4	13.33	0
19	pixel	102	10	2812	1717.67	3	13.33	0
20	pixel	102	11	2766	2040.67	3	13.33	0
21	pixel	102	12	2333	669.67	6	13.33	0
22	pixel	102	13	2362	789.67	6	13.33	0
23	pixel	102	14	1535	1747.67	5	13.33	0
24	pixel	102	15	2408	1855.67	5	13.33	0
25	pixel	102	16	2317	1705.67	6	13.33	0
26	pixel	102	17	2468	1656.67	5	13.33	0
27	pixel	102	18	2668	1308.67	5	13.33	0
28	pixel	102	19	1326	2108.67	6	13.33	0
29	pixel	102	20	1538	757.67	8	13.33	0
30	pixel	102	21	1870	903.67	8	13.33	0
31	pixel	102	22	1800	1183.67	8	13.33	0
32	pixel	102	23	2605	626.67	7	13.33	0
33	pixel	102	24	1084	1758.67	7	13.33	0
34	pixel	102	25	1232	1945.67	7	13.33	0
35	pixel	102	26	1488	1118.67	12	13.33	0
36	pixel	102	27	2010	1148.67	12	13.33	0
37	pixel	102	28	1297	695.67	11	13.33	0
38	pixel	102	29	2669	1043.67	11	13.33	0
39	pixel	102	30	2225	1295.67	11	13.33	0
40	pixel	102	31	2664	1274.67	12	13.33	0
41	pixel	102	32	1204	1760.67	12	13.33	0
42	pixel	102	33	1523	1459.67	11	13.33	0
43	pixel	102	34	2812	1365.67	12	13.33	0
44	pixel	102	35	1457	2271.67	11	13.33	0
45	pixel	102	36	2517	2151.67	11	13.33	0
46	pixel	102	37	2669	2215.67	12	13.33	0
47	pixel	102	38	1661	884.67	13	13.33	0
48	pixel	102	39	1083	806.67	13	13.33	0
49	pixel	102	40	2395	885.67	14	13.33	0
50	pixel	102	41	2958	485.67	13	13.33	0
51	pixel	102	42	1238	523.67	14	13.33	0
52	pixel	102	43	2142	921.67	14	13.33	0
53	pixel	102	44	1929	394.67	15	13.33	0
54	pixel	102	45	1946	517.67	16	13.33	0
55	pixel	102	46	1312	1134.67	15	13.33	0
56	pixel	102	47	2785	863.67	16	13.33	0
57	pixel	102	48	2705	1154.67	16	13.33	0
58	pixel	102	49	1494	1576.67	16	13.33	0
59	pixel	102	50	1939	2194.67	16	13.33	0
60	pixel	102	51	2356	2187.67	15	13.33	0
61	pixel	102	52	2199	410.67	18	13.33	0
62	pixel	102	53	1088	930.67	18	13.33	0
63	pixel	102	54	1181	1045.67	17	13.33	0
64	pixel	102	55	2686	853.67	18	13.33	0
65	pixel	102	56	2518	1016.67	17	13.33	0
66	pixel	102	57	2590	1361.67	17	13.33	0
67	pixel	102	58	2842	1737.67	17	13.33	0
68	pixel	102	59	1738	585.67	17	13.33	0
69	pixel	102	60	2823	830.67	20	13.33	0
70	pixel	102	61	2466	706.67	19	13.33	0
71	pixel	102	62	2864	1929.67	20	13.33	0
72	pixel	102	63	2675	1871.67	22	13.33	0
73	pixel	102	64	2796	996.67	22	13.33	0
74	pixel	102	65	2199	737.67	24	13.33	0
75	pixel	102	66	1943	784.67	24	13.33	0
76	pixel	102	67	1323	791.67	23	13.33	0
77	pixel	102	68	2167	1160.67	24	13.33	0
78	pixel	102	69	1109	1580.67	23	13.33	0
79	pixel	102	70	1379	1722.67	24	13.33	0
80	pixel	102	71	1855	1858.67	24	13.33	0
81	pixel	102	72	1871	1981.67	24	13.33	0
82	pixel	102	73	1342	2281.67	24	13.33	0
83	pixel	102	74	1958	2083.67	23	13.33	0
84	pixel	102	75	2464	1141.67	25	13.33	0
85	pixel	102	76	1730	1504.67	25	13.33	0
86	pixel	102	77	2684	1741.67	25	13.33	0
87	pixel	102	78	2368	1370.67	25	13.33	0
88	pixel	102	79	2740	1459.67	26	13.33	0
89	pixel	102	80	1093	1317.67	25	13.33	0
90	pixel	105	1	1777.00	1098.00	1	13.33	0
91	pixel	105	2	1900.67	1151.67	2	13.33	0
92	pixel	105	3	1869.67	475.67	2	13.33	0
93	pixel	105	4	1899.67	465.33	1	13.33	0
94	pixel	105	5	1831.67	628	1	13.33	0
95	pixel	105	6	1796.67	653	2	13.33	0
96	pixel	105	7	2985.67	369.00	1	13.33	0
97	pixel	105	8	2938.67	363.67	2	13.33	0
98	pixel	105	9	1187.67	1766.33	1	13.33	0
99	pixel	105	10	1208.33	1794.33	2	13.33	0
100	pixel	105	11	2685.33	1862.33	1	13.33	0
101	pixel	105	12	2739.33	1792.33	2	13.33	0
102	pixel	105	13	2042.33	2218.33	1	13.33	0
103	pixel	105	14	2052.33	2147.33	2	13.33	0
104	pixel	105	15	2009.33	2071.33	2	13.33	0
105	pixel	105	16	1972.33	2126.33	1	13.33	0
106	pixel	105	17	2103.33	668.33	3	13.33	0
107	pixel	105	18	2137.33	685.33	4	13.33	0
108	pixel	105	19	2605.33	739.33	3	13.33	0
109	pixel	105	20	2646.33	750.33	4	13.33	0
110	pixel	105	21	1521.33	1647.33	3	13.33	0
111	pixel	105	22	1567.33	1686.33	4	13.33	0
112	pixel	105	23	1209.33	1732.33	4	13.33	0
113	pixel	105	24	1184.33	1624.33	3	13.33	0
114	pixel	105	25	1957.00	1903.33	3	13.33	0
115	pixel	105	26	2027	1920.33	4	13.33	0
116	pixel	105	27	1824.00	1995.33	4	13.33	0
117	pixel	105	28	1745.00	1977.33	3	13.33	0
118	pixel	105	29	1070.00	2039.33	3	13.33	0
119	pixel	105	30	1146.67	2099.33	4	13.33	0
120	pixel	105	31	2053.67	1415.33	3	13.33	0
121	pixel	105	32	2046.67	1430.33	4	13.33	0
122	pixel	105	33	2436.67	1700.33	4	13.33	0
123	pixel	105	34	2356.67	1659.33	3	13.33	0
124	pixel	105	35	1082.67	2213.33	3	13.33	0
125	pixel	105	36	1163.67	2255.33	4	13.33	0
126	pixel	105	37	982.67	1469.33	3	13.33	0
127	pixel	105	38	1038.33	1545.33	4	13.33	0
128	pixel	105	39	948.33	1878.33	3	13.33	0
129	pixel	105	40	998.00	1959.33	4	13.33	0
130	pixel	105	41	1214.00	253.33	3	13.33	0
131	pixel	105	42	1206.00	356.00	4	13.33	0
132	pixel	105	43	1103.00	840.00	5	13.33	0
133	pixel	105	44	1215.00	775.00	6	13.33	0
134	pixel	105	45	1495.00	656.00	6	13.33	0
135	pixel	105	46	1336.00	731.00	5	13.33	0
136	pixel	105	47	909.00	696.00	5	13.33	0
137	pixel	105	48	1047.67	605.00	6	13.33	0
138	pixel	105	49	1722.67	1251	5	13.33	0
139	pixel	105	50	1914.67	1161.00	6	13.33	0
140	pixel	105	51	2993.67	505.00	6	13.33	0
141	pixel	105	52	2816.67	623.00	5	13.33	0
142	pixel	105	53	2753.67	663.00	6	13.33	0
143	pixel	105	54	2563.67	804.00	5	13.33	0
144	pixel	105	55	2231.67	1270	5	13.33	0
145	pixel	105	56	2428.67	1175.00	6	13.33	0
146	pixel	105	57	2740.67	1627	5	13.33	0
147	pixel	105	58	2976.67	1501	6	13.33	0
148	pixel	105	59	2760.67	1484	5	13.33	0
149	pixel	105	60	3004.67	1334	6	13.33	0
150	pixel	105	61	1299.67	741.00	7	13.33	0
151	pixel	105	62	1381.67	724.00	8	13.33	0
152	pixel	105	63	2280.67	453.00	7	13.33	0
153	pixel	105	64	2343.67	371.00	8	13.33	0
154	pixel	105	65	2895.67	548.00	8	13.33	0
155	pixel	105	66	2769.67	653.00	7	13.33	0
156	pixel	105	67	1563.67	1722	7	13.33	0
157	pixel	105	68	1697.67	1706	8	13.33	0
158	pixel	105	69	2290.67	1642	7	13.33	0
159	pixel	105	70	2415.67	1592	8	13.33	0
160	pixel	105	71	2290.67	1556	8	13.33	0
161	pixel	105	72	2120.67	1616	7	13.33	0
162	pixel	105	73	2242.67	2334.00	7	13.33	0
163	pixel	105	74	2382.67	2294.00	8	13.33	0
164	pixel	105	75	1102.67	1155.00	11	13.33	0
165	pixel	105	76	1169.67	1179.00	12	13.33	0
166	pixel	105	77	2358.67	584.00	11	13.33	0
167	pixel	105	78	2389.67	530.00	12	13.33	0
168	pixel	105	79	1195.67	1704	11	13.33	0
169	pixel	105	80	2148.67	1440	11	13.33	0
170	pixel	105	81	2158.67	1420	12	13.33	0
171	pixel	105	82	2432.67	2267.00	11	13.33	0
172	pixel	105	83	2444.67	2231	12	13.33	0
173	pixel	105	84	1164.67	1060.00	13	13.33	0
174	pixel	105	85	1098.67	1183.00	14	13.33	0
175	pixel	105	86	1967.67	915.00	14	13.33	0
176	pixel	105	87	2026.67	842.00	13	13.33	0
177	pixel	105	88	2272.67	350.00	13	13.33	0
178	pixel	105	89	2093.67	429.00	14	13.33	0
179	pixel	105	90	2783.67	766.00	13	13.33	0
180	pixel	105	91	2664.67	813.00	14	13.33	0
181	pixel	105	92	1807.67	1415	13	13.33	0
182	pixel	105	93	1726.67	1522	14	13.33	0
183	pixel	105	94	1410.67	2003	13	13.33	0
184	pixel	105	95	1338.67	2118	14	13.33	0
185	pixel	105	96	2383.67	2222	13	13.33	0
186	pixel	105	97	2357.67	2323.00	14	13.33	0
187	pixel	105	98	1215.67	342.00	15	13.33	0
188	pixel	105	99	1205.67	207.00	16	13.33	0
189	pixel	105	100	2615.67	524.67	15	13.33	0
190	pixel	105	101	2623.67	342.67	16	13.33	0
191	pixel	105	102	2583.67	1029.67	16	13.33	0
192	pixel	105	103	2552.67	1199.67	15	13.33	0
193	pixel	105	104	2661.67	1300.67	15	13.33	0
194	pixel	105	105	2096.67	1134.67	16	13.33	0
195	pixel	105	106	2077.67	1263.67	15	13.33	0
196	pixel	105	107	1744.67	1679.67	15	13.33	0
197	pixel	105	108	1749.67	1531.67	16	13.33	0
198	pixel	105	109	1351.67	1336.67	15	13.33	0
199	pixel	105	110	1314.67	1191.67	16	13.33	0
200	pixel	105	111	2872.67	1434.67	16	13.33	0
201	pixel	105	112	2913.67	1640.67	15	13.33	0
202	pixel	105	113	1284.67	2175.67	15	13.33	0
203	pixel	105	114	1291.67	2067.67	16	13.33	0
204	pixel	105	115	1803.67	270.67	17	13.33	0
205	pixel	105	116	1933.67	374.67	18	13.33	0
206	pixel	105	117	2352.67	715.67	17	13.33	0
207	pixel	105	118	2499.67	846.67	18	13.33	0
208	pixel	105	119	1724.67	1183.67	17	13.33	0
209	pixel	105	120	1863.67	1349.67	18	13.33	0
210	pixel	105	121	2709.67	395.67	17	13.33	0
211	pixel	105	122	2870.67	504.67	18	13.33	0
212	pixel	105	123	2703.67	1685.67	17	13.33	0
213	pixel	105	124	2925.67	1846.67	18	13.33	0
214	pixel	105	125	1551.67	2169.67	17	13.33	0
215	pixel	105	126	1756.67	2358.67	18	13.33	0
216	pixel	105	127	1276.67	352.67	17	13.33	0
217	pixel	105	128	1424.67	517.67	18	13.33	0
218	pixel	105	129	1414.67	908.67	19	13.33	0
219	pixel	105	130	1369.67	797.67	20	13.33	0
220	pixel	105	131	1611.67	1227.67	19	13.33	0
221	pixel	105	132	1613.67	1116.67	20	13.33	0
222	pixel	105	133	1558.67	506.67	19	13.33	0
223	pixel	105	134	1517.67	364.67	20	13.33	0
224	pixel	105	135	2737.67	355.67	19	13.33	0
225	pixel	105	136	2710.67	206.67	20	13.33	0
226	pixel	105	137	1868.67	1416.33	19	13.33	0
227	pixel	105	138	1828.67	1297.33	20	13.33	0
228	pixel	105	139	2463.67	1632.33	19	13.33	0
229	pixel	105	140	2505.67	1534.33	20	13.33	0
230	pixel	105	141	2467.67	499.33	21	13.33	0
231	pixel	105	142	2557.67	395.33	22	13.33	0
232	pixel	105	143	2875.67	793.33	22	13.33	0
233	pixel	105	144	2796.67	925.33	21	13.33	0
234	pixel	105	145	2825.67	371.33	22	13.33	0
235	pixel	105	146	2733.67	495.33	21	13.33	0
236	pixel	105	147	1153.67	1458.33	21	13.33	0
237	pixel	105	148	1272.67	1436.33	22	13.33	0
238	pixel	105	149	1917.67	1414.33	22	13.33	0
239	pixel	105	150	1799.67	1470.33	21	13.33	0
240	pixel	105	151	1775.67	1842.33	21	13.33	0
241	pixel	105	152	1909.67	1814.33	22	13.33	0
242	pixel	105	153	2135.67	1979.33	21	13.33	0
243	pixel	105	154	2278.67	1953.33	22	13.33	0
244	pixel	105	155	2840.67	2180.33	21	13.33	0
245	pixel	105	156	3003.67	2089.33	22	13.33	0
246	pixel	105	157	1837.67	1016.33	23	13.33	0
247	pixel	105	158	1797.67	976.33	24	13.33	0
248	pixel	105	159	1329.67	1279.33	23	13.33	0
249	pixel	105	160	1282.67	1215.33	24	13.33	0
250	pixel	105	161	1625.67	1192.33	24	13.33	0
251	pixel	105	162	1617.67	1222.33	23	13.33	0
252	pixel	105	163	2158.67	1348.33	23	13.33	0
253	pixel	105	164	2154.67	1296.33	24	13.33	0
254	pixel	105	165	1197.67	1385.33	24	13.33	0
255	pixel	105	166	1160.67	1391.33	23	13.33	0
256	pixel	105	167	2410.67	596.33	23	13.33	0
257	pixel	105	168	2405.67	508.33	24	13.33	0
258	pixel	105	169	2056.67	1433.33	23	13.33	0
259	pixel	105	170	2077.67	1394.33	24	13.33	0
260	pixel	105	171	1330.67	1967.33	23	13.33	0
261	pixel	105	172	1422.67	1948.33	24	13.33	0
262	pixel	105	173	2481.67	2028.33	23	13.33	0
263	pixel	105	174	2519.67	1966.33	24	13.33	0
264	pixel	105	175	1234.67	1051.33	24	13.33	0
265	pixel	105	176	1252.67	1079.33	23	13.33	0
266	pixel	105	177	1100.67	1462.33	25	13.33	0
267	pixel	105	178	1149.67	1525.33	26	13.33	0
268	pixel	105	179	1662.67	1494.33	25	13.33	0
269	pixel	105	180	1721.67	1555.33	26	13.33	0
270	pixel	105	181	2033.67	1649.33	26	13.33	0
271	pixel	105	182	1976.67	1605.33	25	13.33	0
272	pixel	105	183	1557.67	1842.33	25	13.33	0
273	pixel	105	184	1616.67	1893.33	26	13.33	0
274	pixel	105	185	2486.67	1745.33	25	13.33	0
275	pixel	105	186	2539.67	1787.33	26	13.33	0
276	pixel	105	187	2717.67	1796.33	26	13.33	0
277	pixel	105	188	2650.67	1765.33	25	13.33	0
278	pixel	113	1	2425	2108.00	3	13.33	0
279	pixel	113	2	2507.67	2048.67	4	13.33	0
280	pixel	113	3	2145.67	2146.33	3	13.33	0
281	pixel	113	4	2222.33	2155.33	4	13.33	0
282	pixel	113	5	1801.33	1922.33	5	13.33	0
283	pixel	113	6	2039	1843.00	6	13.33	0
284	pixel	113	7	2432	818.67	8	13.33	0
285	pixel	113	8	2300	877.33	7	13.33	0
286	pixel	113	9	1141	2112.33	7	13.33	0
287	pixel	113	10	1294.67	2122.33	8	13.33	0
288	pixel	113	11	1674.67	631.33	11	13.33	0
289	pixel	113	12	1678.67	639	12	13.33	0
290	pixel	113	13	2334.67	1064	11	13.33	0
291	pixel	113	14	2365.67	999	12	13.33	0
292	pixel	113	15	1802.67	1020	11	13.33	0
293	pixel	113	16	1841.67	1016	12	13.33	0
294	pixel	113	17	1407.67	1998.00	12	13.33	0
295	pixel	113	18	1419.67	1972.00	11	13.33	0
296	pixel	113	19	1198.67	625	13	13.33	0
297	pixel	113	20	1107.67	766.67	14	13.33	0
298	pixel	113	21	3011.33	293.67	13	13.33	0
299	pixel	113	22	2896.33	325.33	14	13.33	0
300	pixel	113	23	2805.33	1621.33	13	13.33	0
301	pixel	113	24	2762.33	1672.33	14	13.33	0
302	pixel	113	25	1950.33	1991.33	14	13.33	0
303	pixel	113	26	1993.33	1895.33	13	13.33	0
304	pixel	113	27	1655.33	1343.33	16	13.33	0
305	pixel	113	28	1636.33	1467.33	15	13.33	0
306	pixel	113	29	2727.33	1525.33	15	13.33	0
307	pixel	113	30	2747.33	1340.33	16	13.33	0
308	pixel	113	31	1448.33	1297.33	17	13.33	0
309	pixel	113	32	1586.33	1466.33	18	13.33	0
310	pixel	113	33	1057.33	1512.33	17	13.33	0
311	pixel	113	34	1178	1697.33	18	13.33	0
312	pixel	113	35	1829	1842.33	17	13.33	0
313	pixel	113	36	1699	1806.33	17	13.33	0
314	pixel	113	37	1763	1709.33	17	13.33	0
315	pixel	113	38	1923	1894.33	18	13.33	0
316	pixel	113	39	1997	1993.33	18	13.33	0
317	pixel	113	40	1863	1970.33	18	13.33	0
318	pixel	113	41	2779	2225.33	18	13.33	0
319	pixel	113	42	2626	2085.33	17	13.33	0
320	pixel	113	43	1713	2293.33	19	13.33	0
321	pixel	113	44	1658	2169.33	20	13.33	0
322	pixel	113	45	2237	2268.33	19	13.33	0
323	pixel	113	46	2245	2174.33	20	13.33	0
324	pixel	113	47	1758	898.33	21	13.33	0
325	pixel	113	48	1829	820.33	22	13.33	0
326	pixel	113	49	2261	721.33	21	13.33	0
327	pixel	113	50	2307	631.33	22	13.33	0
328	pixel	113	51	2275	1626.33	22	13.33	0
329	pixel	113	52	2150	1674.33	21	13.33	0
330	pixel	113	53	2587	1641.33	23	13.33	0
331	pixel	113	54	2604	1568.33	24	13.33	0
332	pixel	113	55	925	1487.33	23	13.33	0
333	pixel	113	56	1006.67	1481.33	24	13.33	0
334	pixel	115	1	2194	1744	2	13.33	0
335	pixel	115	2	1936.67	600.67	2	13.33	0
336	pixel	115	3	2780.33	1031.33	3	13.33	0
337	pixel	115	4	1219.33	2299.33	4	13.33	0
338	pixel	115	5	1244	1745.33	6	13.33	0
339	pixel	115	6	2392	2221.33	5	13.33	0
340	pixel	115	7	1688	1639.33	7	13.33	0
341	pixel	115	8	1459	2288.33	12	13.33	0
342	pixel	115	9	1922	2094.33	14	13.33	0
343	pixel	115	10	1478	2029.33	18	13.33	0
344	pixel	115	11	1118	1845.33	21	13.33	0
