 	units	id	index	x	y	z	radius	name-id
1	pixel	152	1	1176	1935.00	1	13.33	0
2	pixel	152	2	1183.67	766.67	4	13.33	0
3	pixel	152	3	1476.67	2314.33	12	13.33	0
4	pixel	152	4	1202.67	1658.33	14	13.33	0
5	pixel	152	5	2171.67	364.33	13	13.33	0
6	pixel	152	6	1016.67	1071	16	13.33	0
7	pixel	152	7	2568.33	1965	21	13.33	0
8	pixel	152	8	1517.33	2140	21	13.33	0
9	pixel	152	9	1448.33	1494	23	13.33	0
10	pixel	152	10	2078.33	502.00	30	13.33	0
11	pixel	152	11	1328.33	2259	30	13.33	0
12	pixel	152	12	1861.33	2028	33	13.33	0
13	pixel	152	13	2131.33	2261	34	13.33	0
14	pixel	152	14	2226.33	390.00	44	13.33	0
15	pixel	155	1	1937.00	525	2	13.33	0
16	pixel	155	2	2334.67	632.67	1	13.33	0
17	pixel	155	3	1383.67	2007.67	2	13.33	0
18	pixel	155	4	2559.33	1956.67	2	13.33	0
19	pixel	155	5	2009.33	1740.67	2	13.33	0
20	pixel	155	6	1348.33	1587.67	2	13.33	0
21	pixel	155	7	2342	874.67	8	13.33	0
22	pixel	155	8	2057.00	1221.67	8	13.33	0
23	pixel	155	9	2763	1197.67	8	13.33	0
24	pixel	155	10	1851.00	1617.67	8	13.33	0
25	pixel	155	11	2459	1713.67	8	13.33	0
26	pixel	155	12	1302.00	2414.67	8	13.33	0
27	pixel	155	13	2734.67	1999.67	7	13.33	0
28	pixel	155	14	1067.67	1995.67	9	13.33	0
29	pixel	155	15	2645.33	2057.67	10	13.33	0
30	pixel	155	16	2750.33	2288.67	10	13.33	0
31	pixel	155	17	1039.33	794.67	12	13.33	0
32	pixel	155	18	2679.00	671.67	11	13.33	0
33	pixel	155	19	2442.00	820.67	11	13.33	0
34	pixel	155	20	1682.00	1767.67	12	13.33	0
35	pixel	155	21	1086.00	1526.67	11	13.33	0
36	pixel	155	22	1746.00	1925.67	11	13.33	0
37	pixel	155	23	1638.00	592.67	13	13.33	0
38	pixel	155	24	1740.00	904.67	13	13.33	0
39	pixel	155	25	2551.00	938.67	14	13.33	0
40	pixel	155	26	1852.00	1720.67	13	13.33	0
41	pixel	155	27	2300.00	2155.67	14	13.33	0
42	pixel	155	28	2785.00	964.67	13	13.33	0
43	pixel	155	29	905.00	499.67	14	13.33	0
44	pixel	155	30	1672.67	936.33	15	13.33	0
45	pixel	155	31	1878.67	1477.33	16	13.33	0
46	pixel	155	32	1103.67	1583.33	16	13.33	0
47	pixel	155	33	1504.67	1218.33	15	13.33	0
48	pixel	155	34	2817.67	1955.33	16	13.33	0
49	pixel	155	35	1941.67	2285.33	16	13.33	0
50	pixel	155	36	1892.67	2146.33	16	13.33	0
51	pixel	155	37	2760.67	1461.33	15	13.33	0
52	pixel	155	38	1058.67	2319.33	15	13.33	0
53	pixel	155	39	1341.67	605.33	17	13.33	0
54	pixel	155	40	2783.67	1123.33	17	13.33	0
55	pixel	155	41	1347.67	1628.33	17	13.33	0
56	pixel	155	42	2808.67	1466.33	18	13.33	0
57	pixel	155	43	1971.67	790.33	17	13.33	0
58	pixel	155	44	2624.67	412.33	17	13.33	0
59	pixel	155	45	1085.67	506.00	18	13.33	0
60	pixel	155	46	1536.67	1106	20	13.33	0
61	pixel	155	47	2665.67	714	19	13.33	0
62	pixel	155	48	2757.67	1072	20	13.33	0
63	pixel	155	49	2115.67	938	19	13.33	0
64	pixel	155	50	2432.67	1470	19	13.33	0
65	pixel	155	51	2724.67	1618	19	13.33	0
66	pixel	155	52	1635.67	1934	22	13.33	0
67	pixel	155	53	2575.67	1377	22	13.33	0
68	pixel	155	54	1218.67	2044	21	13.33	0
69	pixel	155	55	1761.67	1357	21	13.33	0
70	pixel	155	56	1297.67	755	25	13.33	0
71	pixel	155	57	1894.67	2188	26	13.33	0
72	pixel	155	58	1568.67	1042	28	13.33	0
73	pixel	155	59	1688.67	493.00	28	13.33	0
74	pixel	155	60	1843.67	429.00	28	13.33	0
75	pixel	155	61	2265.67	1095	28	13.33	0
76	pixel	155	62	2513.67	1114	28	13.33	0
77	pixel	155	63	2662.67	1047	28	13.33	0
78	pixel	155	64	2835.67	801	28	13.33	0
79	pixel	155	65	2655.67	847	27	13.33	0
80	pixel	155	66	2734.67	877	27	13.33	0
81	pixel	155	67	1906.67	1668	28	13.33	0
82	pixel	155	68	2079.67	977	27	13.33	0
83	pixel	155	69	1966.67	812	29	13.33	0
84	pixel	155	70	2362.67	1456	29	13.33	0
85	pixel	155	71	2370.67	1707	30	13.33	0
86	pixel	155	72	1501.67	909	31	13.33	0
87	pixel	155	73	1617.67	474.00	32	13.33	0
88	pixel	155	74	2761.67	1009	32	13.33	0
89	pixel	155	75	2775.67	1645	32	13.33	0
90	pixel	155	76	2777.67	1981	32	13.33	0
91	pixel	155	77	2805.67	2309	31	13.33	0
92	pixel	155	78	2430.67	1461	31	13.33	0
93	pixel	155	79	1567.67	1977	34	13.33	0
94	pixel	155	80	2184.67	1768	33	13.33	0
95	pixel	155	81	1738.67	2247	33	13.33	0
96	pixel	155	82	2019.67	1319	35	13.33	0
97	pixel	155	83	1892.67	789	36	13.33	0
98	pixel	155	84	1242.67	847	35	13.33	0
99	pixel	155	85	2068.67	956	40	13.33	0
100	pixel	155	86	2345.67	533	39	13.33	0
101	pixel	155	87	2179.67	1494	40	13.33	0
102	pixel	155	88	2395.67	1689	40	13.33	0
103	pixel	155	89	2119.67	557	39	13.33	0
104	pixel	155	90	2341.67	500.00	42	13.33	0
105	pixel	155	91	2490.67	476.00	42	13.33	0
106	pixel	155	92	2844.67	1208	41	13.33	0
107	pixel	155	93	1741.67	1367	41	13.33	0
108	pixel	155	94	1305.67	1482	42	13.33	0
109	pixel	158	1	1610.00	567.00	1	13.33	0
110	pixel	158	2	1327.67	375.67	2	13.33	0
111	pixel	158	3	1612.33	1146.33	2	13.33	0
112	pixel	158	4	1784.33	1288.33	1	13.33	0
113	pixel	158	5	1426.33	1078.33	2	13.33	0
114	pixel	158	6	1627.33	1210.33	1	13.33	0
115	pixel	158	7	2443.33	1145.33	1	13.33	0
116	pixel	158	8	2254.33	861.33	2	13.33	0
117	pixel	158	9	2096.33	1028.33	2	13.33	0
118	pixel	158	10	2298.33	1261.33	1	13.33	0
119	pixel	158	11	2295.33	447.33	1	13.33	0
120	pixel	158	12	1962.33	173.33	2	13.33	0
121	pixel	158	13	2832.33	817	2	13.33	0
122	pixel	158	14	3066.33	1189.00	1	13.33	0
123	pixel	158	15	1803.33	562.00	1	13.33	0
124	pixel	158	16	1479.33	352.00	2	13.33	0
125	pixel	158	17	2189.33	1680.00	2	13.33	0
126	pixel	158	18	2251.33	1887.00	1	13.33	0
127	pixel	158	19	2473.33	1638.00	1	13.33	0
128	pixel	158	20	2348.33	1388.00	2	13.33	0
129	pixel	158	21	871.33	2218	1	13.33	0
130	pixel	158	22	944.00	2269	2	13.33	0
131	pixel	158	23	1186.00	1140	3	13.33	0
132	pixel	158	24	886.00	1195.00	4	13.33	0
133	pixel	158	25	1816.00	1034	4	13.33	0
134	pixel	158	26	2146	1151	3	13.33	0
135	pixel	158	27	3182.00	893	3	13.33	0
136	pixel	158	28	2774.00	557.00	4	13.33	0
137	pixel	158	29	1323.00	1302.00	3	13.33	0
138	pixel	158	30	1048.00	1331.00	4	13.33	0
139	pixel	158	31	1827.00	1427.00	3	13.33	0
140	pixel	158	32	1576.00	1364.00	4	13.33	0
141	pixel	158	33	1959.00	1941.00	3	13.33	0
142	pixel	158	34	1845.00	1847.00	4	13.33	0
143	pixel	158	35	1387.00	2049	3	13.33	0
144	pixel	158	36	1264.00	2103	4	13.33	0
145	pixel	158	37	3065.00	1679.00	3	13.33	0
146	pixel	158	38	2810.00	1391.00	4	13.33	0
147	pixel	158	39	2242	1719.00	4	13.33	0
148	pixel	158	40	2421	1880.00	3	13.33	0
149	pixel	158	41	2701.00	1907.00	4	13.33	0
150	pixel	158	42	2842.00	2131	3	13.33	0
151	pixel	158	43	2225	1977.00	4	13.33	0
152	pixel	158	44	2343	2086	3	13.33	0
153	pixel	158	45	2829.00	2001.00	3	13.33	0
154	pixel	158	46	2550	1741.00	4	13.33	0
155	pixel	158	47	1510.00	506.00	7	13.33	0
156	pixel	158	48	1086.00	586.00	8	13.33	0
157	pixel	158	49	1025.00	1027	8	13.33	0
158	pixel	158	50	1402.00	891	7	13.33	0
159	pixel	158	51	2477	973	7	13.33	0
160	pixel	158	52	2125	920	8	13.33	0
161	pixel	158	53	2130	283.00	8	13.33	0
162	pixel	158	54	2529	377.00	7	13.33	0
163	pixel	158	55	2622	566.00	7	13.33	0
164	pixel	158	56	2169	518.00	8	13.33	0
165	pixel	158	57	1511.00	1559.00	7	13.33	0
166	pixel	158	58	1271.00	1727.00	8	13.33	0
167	pixel	158	59	2924.00	1450.00	7	13.33	0
168	pixel	158	60	2640	1340.00	8	13.33	0
169	pixel	158	61	1473.00	2411	8	13.33	0
170	pixel	158	62	1581.00	2224	7	13.33	0
171	pixel	158	63	1689.00	2094	8	13.33	0
172	pixel	158	64	1885.00	2007.00	7	13.33	0
173	pixel	158	65	2170	1931.00	7	13.33	0
174	pixel	158	66	1959.00	2027.00	8	13.33	0
175	pixel	158	67	613.00	619.00	8	13.33	0
176	pixel	158	68	1069.67	470.00	7	13.33	0
177	pixel	158	69	2181.67	1105	8	13.33	0
178	pixel	158	70	2503.67	1157	7	13.33	0
179	pixel	158	71	2016.67	2177	10	13.33	0
180	pixel	158	72	2048.67	2217	9	13.33	0
181	pixel	158	73	1204.67	887	11	13.33	0
182	pixel	158	74	1478.67	1003	11	13.33	0
183	pixel	158	75	1498.67	1043	12	13.33	0
184	pixel	158	76	1212.67	942	12	13.33	0
185	pixel	158	77	920.67	1864.00	12	13.33	0
186	pixel	158	78	830.67	1707.00	11	13.33	0
187	pixel	158	79	830.67	1370.00	11	13.33	0
188	pixel	158	80	916.67	1501.00	12	13.33	0
189	pixel	158	81	1083.67	2166	11	13.33	0
190	pixel	158	82	1222.67	2285	12	13.33	0
191	pixel	158	83	799.67	879	14	13.33	0
192	pixel	158	84	1044.67	720	13	13.33	0
193	pixel	158	85	1771.67	1044	14	13.33	0
194	pixel	158	86	1992.67	988	13	13.33	0
195	pixel	158	87	2484.67	562.00	13	13.33	0
196	pixel	158	88	2191.67	561.00	14	13.33	0
197	pixel	158	89	2018.67	725	14	13.33	0
198	pixel	158	90	2287.67	722	13	13.33	0
199	pixel	158	91	1398.67	1583.00	13	13.33	0
200	pixel	158	92	1246.67	1729.00	14	13.33	0
201	pixel	158	93	2481.67	1439.00	14	13.33	0
202	pixel	158	94	2653.67	1424.00	13	13.33	0
203	pixel	158	95	2550.67	1346.00	14	13.33	0
204	pixel	158	96	2746.67	1336.00	13	13.33	0
205	pixel	158	97	2318.67	1817.00	14	13.33	0
206	pixel	158	98	2442.67	1774.00	13	13.33	0
207	pixel	158	99	1489.67	1950.00	13	13.33	0
208	pixel	158	100	1330.67	2132	14	13.33	0
209	pixel	158	101	1498.67	2131	14	13.33	0
210	pixel	158	102	1616.67	2006.00	13	13.33	0
211	pixel	158	103	1668.67	2157	13	13.33	0
212	pixel	158	104	1550.67	2311	14	13.33	0
213	pixel	158	105	1374.67	464.00	15	13.33	0
214	pixel	158	106	1117.67	612.00	16	13.33	0
215	pixel	158	107	1483.67	684	16	13.33	0
216	pixel	158	108	1791.67	600.00	15	13.33	0
217	pixel	158	109	934.67	950	15	13.33	0
218	pixel	158	110	688.67	1202.00	16	13.33	0
219	pixel	158	111	1497.67	1425.00	15	13.33	0
220	pixel	158	112	1342.67	1583.00	16	13.33	0
221	pixel	158	113	2047.67	1755.00	15	13.33	0
222	pixel	158	114	1921.67	1836.00	16	13.33	0
223	pixel	158	115	2692.67	1825.00	15	13.33	0
224	pixel	158	116	2607.67	1821.00	16	13.33	0
225	pixel	158	117	1955.67	2052	16	13.33	0
226	pixel	158	118	2008.67	1945.00	15	13.33	0
227	pixel	158	119	1557.67	468.00	16	13.33	0
228	pixel	158	120	1860.67	384.00	15	13.33	0
229	pixel	158	121	1010.67	481.00	17	13.33	0
230	pixel	158	122	1914.67	495.00	17	13.33	0
231	pixel	158	123	1764.67	453.00	18	13.33	0
232	pixel	158	124	2465.67	685	17	13.33	0
233	pixel	158	125	2371.67	589.00	18	13.33	0
234	pixel	158	126	2100.67	766	17	13.33	0
235	pixel	158	127	1977.67	688	18	13.33	0
236	pixel	158	128	2011.67	1108	18	13.33	0
237	pixel	158	129	1977.67	1134	17	13.33	0
238	pixel	158	130	1045.67	933	17	13.33	0
239	pixel	158	131	1017.67	1049	18	13.33	0
240	pixel	158	132	1005.67	1291.00	18	13.33	0
241	pixel	158	133	1067.67	1158	17	13.33	0
242	pixel	158	134	1263.67	1301.00	17	13.33	0
243	pixel	158	135	1206.67	1412.00	18	13.33	0
244	pixel	158	136	1510.67	1477.00	18	13.33	0
245	pixel	158	137	1523.67	1393.00	17	13.33	0
246	pixel	158	138	1933.67	1631.00	18	13.33	0
247	pixel	158	139	1689.67	1616.00	18	13.33	0
248	pixel	158	140	1831.67	1637.00	17	13.33	0
249	pixel	158	141	1654.67	1578.00	17	13.33	0
250	pixel	158	142	2716.67	1792.00	18	13.33	0
251	pixel	158	143	2634.67	1854.00	17	13.33	0
252	pixel	158	144	2373.67	1920.00	18	13.33	0
253	pixel	158	145	2262.67	1935.00	17	13.33	0
254	pixel	158	146	1086.67	345.00	18	13.33	0
255	pixel	158	147	1205.67	300.00	17	13.33	0
256	pixel	158	148	889.67	584.00	18	13.33	0
257	pixel	158	149	1017.67	936	19	13.33	0
258	pixel	158	150	883.67	1094	20	13.33	0
259	pixel	158	151	1186.67	1219.00	20	13.33	0
260	pixel	158	152	1293.67	1101	19	13.33	0
261	pixel	158	153	1924.67	940	19	13.33	0
262	pixel	158	154	1814.67	955	20	13.33	0
263	pixel	158	155	1800.67	1158	20	13.33	0
264	pixel	158	156	1868.67	1147	19	13.33	0
265	pixel	158	157	1870.67	1941.00	20	13.33	0
266	pixel	158	158	1800.67	1887.00	19	13.33	0
267	pixel	158	159	2118.67	2278	20	13.33	0
268	pixel	158	160	1989.67	2216	19	13.33	0
269	pixel	158	161	2098.67	1265.00	21	13.33	0
270	pixel	158	162	2063.67	1190.00	22	13.33	0
271	pixel	158	163	1315.67	1733.00	22	13.33	0
272	pixel	158	164	1317.67	1651.00	21	13.33	0
273	pixel	158	165	2354.67	1850.00	22	13.33	0
274	pixel	158	166	2311.67	1913.00	21	13.33	0
275	pixel	158	167	1187.67	2297	21	13.33	0
276	pixel	158	168	1275.67	2402	22	13.33	0
277	pixel	158	169	2710.67	2270	21	13.33	0
278	pixel	158	170	2768.67	2174	22	13.33	0
279	pixel	158	171	1410.67	637.00	23	13.33	0
280	pixel	158	172	1245.67	834	24	13.33	0
281	pixel	158	173	1663.67	652	23	13.33	0
282	pixel	158	174	1498.67	808	24	13.33	0
283	pixel	158	175	1802.67	900	24	13.33	0
284	pixel	158	176	1942.67	800	23	13.33	0
285	pixel	158	177	1265.67	1086	24	13.33	0
286	pixel	158	178	1420.67	896	23	13.33	0
287	pixel	158	179	1650.67	482.00	24	13.33	0
288	pixel	158	180	1828.67	370.00	23	13.33	0
289	pixel	158	181	1842.67	1198.00	24	13.33	0
290	pixel	158	182	1940.67	1061	23	13.33	0
291	pixel	158	183	2762.67	460.00	24	13.33	0
292	pixel	158	184	2916.67	542.00	23	13.33	0
293	pixel	158	185	2342.67	507.00	24	13.33	0
294	pixel	158	186	2510.67	477.00	23	13.33	0
295	pixel	158	187	2506.67	1231.00	24	13.33	0
296	pixel	158	188	2577.67	1164.00	23	13.33	0
297	pixel	158	189	1009.67	1362.00	23	13.33	0
298	pixel	158	190	945.67	1597.00	24	13.33	0
299	pixel	158	191	788.67	2019.00	24	13.33	0
300	pixel	158	192	828.67	1704.00	23	13.33	0
301	pixel	158	193	1499.67	418.00	25	13.33	0
302	pixel	158	194	1743.67	455.00	25	13.33	0
303	pixel	158	195	1302.67	538.00	26	13.33	0
304	pixel	158	196	1560.67	527.00	26	13.33	0
305	pixel	158	197	1662.67	1182.00	26	13.33	0
306	pixel	158	198	1622.67	1230.00	26	13.33	0
307	pixel	158	199	1757.67	1064	25	13.33	0
308	pixel	158	200	1669.67	1116	25	13.33	0
309	pixel	158	201	2024.67	1003	25	13.33	0
310	pixel	158	202	1932.67	1075	26	13.33	0
311	pixel	158	203	2400.67	686	26	13.33	0
312	pixel	158	204	2493.67	692	25	13.33	0
313	pixel	158	205	2642.67	854	26	13.33	0
314	pixel	158	206	2765.67	890	25	13.33	0
315	pixel	158	207	2726.67	1697.00	25	13.33	0
316	pixel	158	208	2726.67	1690.00	26	13.33	0
317	pixel	158	209	2689.67	1485.00	26	13.33	0
318	pixel	158	210	2691.67	1490.00	25	13.33	0
319	pixel	158	211	1310.67	1990.00	25	13.33	0
320	pixel	158	212	1364.67	2232	26	13.33	0
321	pixel	158	213	1364.67	1129	27	13.33	0
322	pixel	158	214	1359.67	1118	28	13.33	0
323	pixel	158	215	1711.67	943	28	13.33	0
324	pixel	158	216	1709.67	1042	27	13.33	0
325	pixel	158	217	1542.67	1407.00	27	13.33	0
326	pixel	158	218	1602.67	1380.00	28	13.33	0
327	pixel	158	219	1393.67	1662.00	28	13.33	0
328	pixel	158	220	1308.67	1599.00	27	13.33	0
329	pixel	158	221	1234.67	1013	29	13.33	0
330	pixel	158	222	1168.67	1073	30	13.33	0
331	pixel	158	223	1487.67	951	30	13.33	0
332	pixel	158	224	1642.67	832	30	13.33	0
333	pixel	158	225	1767.67	841	29	13.33	0
334	pixel	158	226	1569.67	904	29	13.33	0
335	pixel	158	227	1665.67	785	29	13.33	0
336	pixel	158	228	1575.67	784	30	13.33	0
337	pixel	158	229	2826.67	625.00	30	13.33	0
338	pixel	158	230	2949.67	831	29	13.33	0
339	pixel	158	231	824.67	1082	30	13.33	0
340	pixel	158	232	926.67	968	29	13.33	0
341	pixel	158	233	1117.67	914	31	13.33	0
342	pixel	158	234	1101.67	1151	32	13.33	0
343	pixel	158	235	1695.67	748	32	13.33	0
344	pixel	158	236	1743.67	622.00	31	13.33	0
345	pixel	158	237	2077.67	1796.00	32	13.33	0
346	pixel	158	238	1994.67	1679.00	31	13.33	0
347	pixel	158	239	1979.67	1438.00	32	13.33	0
348	pixel	158	240	1986.67	1311.00	31	13.33	0
349	pixel	158	241	2659.67	1847.00	32	13.33	0
350	pixel	158	242	2579.67	1831.00	31	13.33	0
351	pixel	158	243	2095.67	2154	32	13.33	0
352	pixel	158	244	1973.67	2021.00	31	13.33	0
353	pixel	158	245	2165.67	2333	32	13.33	0
354	pixel	158	246	1996.67	2239	31	13.33	0
355	pixel	158	247	1827.67	2387	32	13.33	0
356	pixel	158	248	1680.67	2216	31	13.33	0
357	pixel	158	249	2384.67	2207	31	13.33	0
358	pixel	158	250	2533.67	2275	32	13.33	0
359	pixel	158	251	1885.67	1804.00	34	13.33	0
360	pixel	158	252	1826.67	1881.00	33	13.33	0
361	pixel	158	253	2275.67	1325.00	34	13.33	0
362	pixel	158	254	2202.67	1505.00	33	13.33	0
363	pixel	158	255	1531.67	525.00	35	13.33	0
364	pixel	158	256	1509.67	473.00	36	13.33	0
365	pixel	158	257	1808.67	1154	36	13.33	0
366	pixel	158	258	1712.67	1231.00	35	13.33	0
367	pixel	158	259	1613.67	1238.00	36	13.33	0
368	pixel	158	260	1539.67	1260.00	35	13.33	0
369	pixel	158	261	932.67	742	36	13.33	0
370	pixel	158	262	908.67	669	35	13.33	0
371	pixel	158	263	1926.67	1505.00	36	13.33	0
372	pixel	158	264	1819.67	1556.00	35	13.33	0
373	pixel	158	265	2881.67	1606.00	36	13.33	0
374	pixel	158	266	2730.67	1823.00	35	13.33	0
375	pixel	158	267	1462.67	2255	36	13.33	0
376	pixel	158	268	1249.67	2225	35	13.33	0
377	pixel	158	269	1723.67	1088	39	13.33	0
378	pixel	158	270	1644.67	1183.00	40	13.33	0
379	pixel	158	271	940.67	876	39	13.33	0
380	pixel	158	272	853.67	1096	40	13.33	0
381	pixel	158	273	2428.67	684	39	13.33	0
382	pixel	158	274	2347.67	672	40	13.33	0
383	pixel	158	275	2599.67	878	40	13.33	0
384	pixel	158	276	2702.67	919	39	13.33	0
385	pixel	158	277	1293.67	1451.00	39	13.33	0
386	pixel	158	278	1262.67	1627.00	40	13.33	0
387	pixel	158	279	1550.67	1670.00	40	13.33	0
388	pixel	158	280	1566.67	1527.00	39	13.33	0
389	pixel	158	281	2577.67	1446.00	40	13.33	0
390	pixel	158	282	2573.67	1452.00	39	13.33	0
391	pixel	158	283	2723.67	1493.00	40	13.33	0
392	pixel	158	284	2713.67	1550.00	39	13.33	0
393	pixel	158	285	966.67	2153	40	13.33	0
394	pixel	158	286	946.67	1882.00	39	13.33	0
395	pixel	158	287	989.67	439.00	42	13.33	0
396	pixel	158	288	1194.67	375.00	41	13.33	0
397	pixel	158	289	1738.67	645.00	42	13.33	0
398	pixel	158	290	1931.67	716	41	13.33	0
399	pixel	158	291	2107.67	945	42	13.33	0
400	pixel	158	292	2244.67	1028	41	13.33	0
401	pixel	158	293	1189.67	1086	42	13.33	0
402	pixel	158	294	1330.67	1038	41	13.33	0
403	pixel	158	295	2861.67	360.00	41	13.33	0
404	pixel	158	296	2700.67	149.00	42	13.33	0
405	pixel	158	297	1421.67	1634.67	41	13.33	0
406	pixel	158	298	1406.67	1710.67	42	13.33	0
407	pixel	158	299	1436.67	1606.67	42	13.33	0
408	pixel	158	300	1522.67	1538.67	41	13.33	0
409	pixel	158	301	929.67	1479.67	41	13.33	0
410	pixel	158	302	878.67	1624.67	42	13.33	0
411	pixel	161	1	2694.00	1806	1	13.33	0
412	pixel	161	2	2573.67	1508.67	2	13.33	0
413	pixel	161	3	2138.33	2093.33	4	13.33	0
414	pixel	161	4	2205	2200.33	3	13.33	0
415	pixel	161	5	1813	751.33	12	13.33	0
416	pixel	161	6	1845.67	766.00	11	13.33	0
417	pixel	161	7	2411.33	497.00	12	13.33	0
418	pixel	161	8	2446.33	596.67	11	13.33	0
419	pixel	161	9	2235.67	1014.67	14	13.33	0
420	pixel	161	10	2436.67	1017.67	13	13.33	0
421	pixel	161	11	1950.67	1978.67	14	13.33	0
422	pixel	161	12	2114.67	1869.67	13	13.33	0
423	pixel	161	13	2131.67	2384.67	16	13.33	0
424	pixel	161	14	2145.67	2285.67	15	13.33	0
425	pixel	161	15	1531.67	508.67	20	13.33	0
426	pixel	161	16	1673.33	503.67	19	13.33	0
427	pixel	161	17	1191.33	2239.67	20	13.33	0
428	pixel	161	18	1101	2028.67	19	13.33	0
429	pixel	161	19	2736.67	1952.67	21	13.33	0
430	pixel	161	20	2777.67	1821.67	22	13.33	0
431	pixel	161	21	2380.67	2314.67	22	13.33	0
432	pixel	161	22	2306.67	2352.67	21	13.33	0
433	pixel	161	23	2745.67	1185.67	29	13.33	0
434	pixel	161	24	2647.67	1012.67	30	13.33	0
435	pixel	161	25	1150.67	2139.67	29	13.33	0
436	pixel	161	26	1158.67	2286.67	30	13.33	0
437	pixel	161	27	2087.67	968.67	32	13.33	0
438	pixel	161	28	2112.67	910.67	31	13.33	0
439	pixel	161	29	2465.67	1210.67	32	13.33	0
440	pixel	161	30	2448.67	1186.67	31	13.33	0
441	pixel	161	31	2140.67	2302.67	33	13.33	0
442	pixel	161	32	2300.67	2170.67	34	13.33	0
443	pixel	161	33	1399.67	847.67	35	13.33	0
444	pixel	161	34	1400.67	813.67	36	13.33	0
445	pixel	161	35	1395.67	810.67	39	13.33	0
446	pixel	161	36	1348.67	946.67	40	13.33	0
447	pixel	161	37	948.67	1021.67	41	13.33	0
448	pixel	161	38	819.33	1144.67	42	13.33	0
449	pixel	164	1	1079	762.00	2	13.33	0
450	pixel	164	2	1374.67	1048.67	3	13.33	0
451	pixel	164	3	1957.67	1449.67	3	13.33	0
452	pixel	164	4	2698.67	1852.67	3	13.33	0
453	pixel	164	5	2422.67	1020.67	7	13.33	0
454	pixel	164	6	2531.67	1450.67	8	13.33	0
455	pixel	164	7	1981.67	1016.67	7	13.33	0
456	pixel	164	8	1045.67	713.67	11	13.33	0
457	pixel	164	9	2647.33	557.33	12	13.33	0
458	pixel	164	10	1654.33	631.00	13	13.33	0
459	pixel	164	11	2591.33	824.00	13	13.33	0
460	pixel	164	12	1281.33	1475	13	13.33	0
461	pixel	164	13	1482.33	2271	14	13.33	0
462	pixel	164	14	1121.33	1562	13	13.33	0
463	pixel	164	15	1252.33	1396	15	13.33	0
464	pixel	164	16	2583.33	1590	15	13.33	0
465	pixel	164	17	1947.33	2027	15	13.33	0
466	pixel	164	18	2509.33	987.00	17	13.33	0
467	pixel	164	19	1576.33	1087	27	13.33	0
468	pixel	164	20	2378.33	1263	28	13.33	0
469	pixel	164	21	818.33	2193	28	13.33	0
470	pixel	164	22	1583	1522	29	13.33	0
471	pixel	164	23	944.00	888.00	30	13.33	0
472	pixel	164	24	1359	636.00	35	13.33	0
473	pixel	164	25	1780	847.00	39	13.33	0
474	pixel	164	26	1713	1375	42	13.33	0
475	pixel	164	27	2487	1175	42	13.33	0
