049 K2-1.tif	0	0	1050 K2-1.tif	0	0	3051 K2-1.tif	0	0	5052 K2-1.tif	0	0	7053 K2-1.tif	0	0	9054 K2-1.tif	0	0	11055 K2-1.tif	0	0	13056 K2-1.tif	0	0	15057 K2-1.tif	0	0	17058 K2-1.tif	0	0	19059 K2-1.tif	0	0	21060 K2-1.tif	0	0	23061 K2-1.tif	0	0	25062 K2-1.tif	0	0	27063 K2-1.tif	0	0	29064 K2-1.tif	0	0	31065 K2-1.tif	0	0	33066 K2-1.tif	0	0	35067 K2-1.tif	0	0	37068 K2-1.tif	0	0	39069 K2-1.tif	0	0	41070 K2-1.tif	0	0	43071 K2-1.tif	0	0	45072 K2-1.tif	0	0	47073 K2-1.tif	0	0	49074 K2-1.tif	0	0	51075 K2-1.tif	0	0	53
076 K2-1.tif	0	0	55
077 K2-1.tif	0	0	57
078 K2-1.tif	0	0	59
079 K2-1.tif	0	0	61
080 K2-1.tif	0	0	63
081 K2-1.tif	0	0	65
082 K2-1.tif	0	0	67083 K2-1.tif	0	0	69084 K2-1.tif	0	0	71049 K2-3.tif	0	0	2050 K2-3.tif	0	0	4051 K2-3.tif	0	0	6052 K2-3.tif	0	0	8053 K2-3.tif	0	0	10054 K2-3.tif	0	0	12055 K2-3.tif	0	0	14056 K2-3.tif	0	0	16057 K2-3.tif	0	0	18058 K2-3.tif	0	0	20059 K2-3.tif	0	0	22060 K2-3.tif	0	0	24061 K2-3.tif	0	0	26062 K2-3.tif	0	0	28063 K2-3.tif	0	0	30064 K2-3.tif	0	0	32065 K2-3.tif	0	0	34066 K2-3.tif	0	0	36067 K2-3.tif	0	0	38068 K2-3.tif	0	0	40069 K2-3.tif	0	0	42070 K2-3.tif	0	0	44071 K2-3.tif	0	0	46072 K2-3.tif	0	0	48073 K2-3.tif	0	0	50074 K2-3.tif	0	0	52075 K2-3.tif	0	0	54
076 K2-3.tif	0	0	56
077 K2-3.tif	0	0	58
078 K2-3.tif	0	0	60
079 K2-3.tif	0	0	62
080 K2-3.tif	0	0	64
081 K2-3.tif	0	0	66
082 K2-3.tif	0	0	68083 K2-3.tif	0	0	70084 K2-3.tif	0	0	72