 	units	id	index	x	y	z	radius	name-id
1	pixel	96	1	2766.67	2002.67	2	13.33	0
2	pixel	96	2	1165.33	1262.33	1	13.33	0
3	pixel	96	3	1440.00	1683	14	13.33	0
4	pixel	96	4	1247.00	2050	14	13.33	0
5	pixel	96	5	2092	651	17	13.33	0
6	pixel	96	6	1231.00	1406.67	18	13.33	0
7	pixel	96	7	2889	979.67	18	13.33	0
8	pixel	96	8	1299.00	1020.67	23	13.33	0
9	pixel	96	9	2336	1742.67	23	13.33	0
10	pixel	96	10	2104	1620.67	25	13.33	0
11	pixel	96	11	1106.00	1656.67	25	13.33	0
12	pixel	99	1	2486.00	1162	1	13.33	0
13	pixel	99	2	2351.67	1336.67	2	13.33	0
14	pixel	99	3	1362.33	1534.67	1	13.33	0
15	pixel	99	4	1239.00	1582.67	2	13.33	0
16	pixel	99	5	2100.67	1562.67	2	13.33	0
17	pixel	99	6	2033.67	1514.67	2	13.33	0
18	pixel	99	7	1561.67	1184.67	1	13.33	0
19	pixel	99	8	1051.67	675.67	1	13.33	0
20	pixel	99	9	1058.33	976.33	2	13.33	0
21	pixel	99	10	1571.33	773.33	7	13.33	0
22	pixel	99	11	2429.33	676.33	8	13.33	0
23	pixel	99	12	1152.33	1590.33	7	13.33	0
24	pixel	99	13	1900.33	1538.33	7	13.33	0
25	pixel	99	14	1523.33	1220.33	14	13.33	0
26	pixel	99	15	2005.33	1495.33	13	13.33	0
27	pixel	99	16	2372.33	436.33	13	13.33	0
28	pixel	99	17	1249.33	1836	13	13.33	0
29	pixel	99	18	1920.33	1984	13	13.33	0
30	pixel	99	19	2315.33	1249	14	13.33	0
31	pixel	99	20	2288.33	2027	13	13.33	0
32	pixel	99	21	1160.33	1272	14	13.33	0
33	pixel	99	22	2044.33	1898	14	13.33	0
34	pixel	99	23	2325.33	1430	15	13.33	0
35	pixel	99	24	1418.33	1767	15	13.33	0
36	pixel	99	25	1720.33	1882	16	13.33	0
37	pixel	99	26	2272.33	1728	16	13.33	0
38	pixel	99	27	2619.33	539.00	15	13.33	0
39	pixel	99	28	2214.33	1356	18	13.33	0
40	pixel	99	29	2563.33	1515	17	13.33	0
41	pixel	99	30	2593.33	2043	18	13.33	0
42	pixel	99	31	2845.33	534.00	17	13.33	0
43	pixel	99	32	1615.33	1031	23	13.33	0
44	pixel	99	33	1278.33	454.00	23	13.33	0
45	pixel	99	34	2416.33	1168	24	13.33	0
46	pixel	99	35	2407.33	489.00	23	13.33	0
47	pixel	99	36	1554.33	905.00	23	13.33	0
48	pixel	99	37	2837.33	799.00	23	13.33	0
49	pixel	99	38	2282.33	1289	23	13.33	0
50	pixel	99	39	1373.33	1962	24	13.33	0
51	pixel	99	40	1732.33	1831	23	13.33	0
52	pixel	99	41	2673.33	1335	23	13.33	0
53	pixel	99	42	1834.33	1116	25	13.33	0
54	pixel	99	43	1272.33	1165	26	13.33	0
55	pixel	99	44	2044.33	1593	26	13.33	0
56	pixel	102	1	1437.00	692.00	1	13.33	0
57	pixel	102	2	1523.67	727.67	2	13.33	0
58	pixel	102	3	1646.67	1333.67	1	13.33	0
59	pixel	102	4	1761.67	1343.67	2	13.33	0
60	pixel	102	5	2001.67	1125.67	1	13.33	0
61	pixel	102	6	2148.67	1100.67	2	13.33	0
62	pixel	102	7	2602.67	1017.67	1	13.33	0
63	pixel	102	8	2794.67	996.67	2	13.33	0
64	pixel	102	9	2118.67	872.67	1	13.33	0
65	pixel	102	10	2260.67	871.67	2	13.33	0
66	pixel	102	11	1420.67	1760.67	1	13.33	0
67	pixel	102	12	1576.33	1768.67	2	13.33	0
68	pixel	102	13	993.33	2148.67	1	13.33	0
69	pixel	102	14	1157.00	2158.67	2	13.33	0
70	pixel	102	15	1167.00	1151.67	7	13.33	0
71	pixel	102	16	1164.00	1197.67	8	13.33	0
72	pixel	102	17	1650.00	1162.67	7	13.33	0
73	pixel	102	18	1626.00	1280.67	8	13.33	0
74	pixel	102	19	2112	906.67	8	13.33	0
75	pixel	102	20	2051	863.67	7	13.33	0
76	pixel	102	21	2086	1674.67	7	13.33	0
77	pixel	102	22	2138	1708.67	8	13.33	0
78	pixel	102	23	2936	1709.67	7	13.33	0
79	pixel	102	24	3045	1712.67	8	13.33	0
80	pixel	102	25	2683	2243.67	7	13.33	0
81	pixel	102	26	2816	2250.67	8	13.33	0
82	pixel	102	27	1481.00	739.67	13	13.33	0
83	pixel	102	28	1429.00	599.67	14	13.33	0
84	pixel	102	29	2121	1253.33	13	13.33	0
85	pixel	102	30	2046.00	1079.33	14	13.33	0
86	pixel	102	31	2573	685.33	13	13.33	0
87	pixel	102	32	2514	535.33	14	13.33	0
88	pixel	102	33	1774.00	1678.00	13	13.33	0
89	pixel	102	34	1750.00	1476.00	14	13.33	0
90	pixel	102	35	1706.00	1942.00	13	13.33	0
91	pixel	102	36	1669.00	1716.00	14	13.33	0
92	pixel	102	37	1431.00	2066.00	14	13.33	0
93	pixel	102	38	1430.00	2311.00	13	13.33	0
94	pixel	102	39	1655.00	2177.00	14	13.33	0
95	pixel	102	40	1645.00	2439	13	13.33	0
96	pixel	102	41	1601.00	1979.00	14	13.33	0
97	pixel	102	42	1632.00	2231.00	13	13.33	0
98	pixel	102	43	2840	2249.00	14	13.33	0
99	pixel	102	44	2850	2546.00	13	13.33	0
100	pixel	102	45	1521.00	540.00	13	13.33	0
101	pixel	102	46	1458.00	407.00	14	13.33	0
102	pixel	102	47	1582.00	704.67	15	13.33	0
103	pixel	102	48	1540.00	836.67	16	13.33	0
104	pixel	102	49	1593.00	992.67	15	13.33	0
105	pixel	102	50	1520.00	1032.67	16	13.33	0
106	pixel	102	51	1989.00	628.67	15	13.33	0
107	pixel	102	52	1901.00	693.67	16	13.33	0
108	pixel	102	53	2478	389.67	15	13.33	0
109	pixel	102	54	2466	485.33	16	13.33	0
110	pixel	102	55	2012.00	2079.33	16	13.33	0
111	pixel	102	56	2017.00	1980.33	15	13.33	0
112	pixel	102	57	1109.00	2234.33	15	13.33	0
113	pixel	102	58	1046.00	2313.33	16	13.33	0
114	pixel	102	59	1618.00	1160.33	17	13.33	0
115	pixel	102	60	1658.00	1149.33	18	13.33	0
116	pixel	102	61	1242.00	981.33	17	13.33	0
117	pixel	102	62	1238.00	1008.33	18	13.33	0
118	pixel	102	63	1937.00	583.33	17	13.33	0
119	pixel	102	64	1950.00	601.33	18	13.33	0
120	pixel	102	65	2003.00	1112.33	17	13.33	0
121	pixel	102	66	2026.00	1101.33	18	13.33	0
122	pixel	102	67	1716.00	1613.33	18	13.33	0
123	pixel	102	68	1682.00	1617.33	17	13.33	0
124	pixel	102	69	1878.00	1521.33	17	13.33	0
125	pixel	102	70	1909.00	1492.33	18	13.33	0
126	pixel	102	71	2077	2189.33	17	13.33	0
127	pixel	102	72	2129	2167.33	18	13.33	0
128	pixel	102	73	1438.00	1027.33	23	13.33	0
129	pixel	102	74	1472.00	1107.33	24	13.33	0
130	pixel	102	75	1804.00	969.33	23	13.33	0
131	pixel	102	76	1853.00	1076.33	24	13.33	0
132	pixel	102	77	1327.00	839.33	24	13.33	0
133	pixel	102	78	1272.00	751.33	23	13.33	0
134	pixel	102	79	1159.00	1171.33	23	13.33	0
135	pixel	102	80	1200.00	1277.33	24	13.33	0
136	pixel	102	81	1984.00	894.33	23	13.33	0
137	pixel	102	82	2044.00	956.33	24	13.33	0
138	pixel	102	83	2122	403.33	23	13.33	0
139	pixel	102	84	2184	503.33	24	13.33	0
140	pixel	102	85	2184	435.33	23	13.33	0
141	pixel	102	86	2292	537.33	24	13.33	0
142	pixel	102	87	1763.00	667.33	24	13.33	0
143	pixel	102	88	1719.00	537.33	23	13.33	0
144	pixel	102	89	2283	706.33	23	13.33	0
145	pixel	102	90	2377	752.33	24	13.33	0
146	pixel	102	91	2250	298.33	23	13.33	0
147	pixel	102	92	2356	372.00	24	13.33	0
148	pixel	102	93	1382.00	1970	23	13.33	0
149	pixel	102	94	1468.00	2011	24	13.33	0
150	pixel	102	95	1444.00	580.00	25	13.33	0
151	pixel	102	96	1693.00	572.00	26	13.33	0
152	pixel	102	97	2746	552.00	25	13.33	0
153	pixel	102	98	3064	486.00	26	13.33	0
154	pixel	102	99	2240	2002	26	13.33	0
155	pixel	102	100	1958.00	2062	25	13.33	0
156	pixel	105	1	2808	1966.00	1	13.33	0
157	pixel	105	2	3057.67	1919.67	2	13.33	0
158	pixel	105	3	2157.67	1675.33	7	13.33	0
159	pixel	105	4	2206.33	1709.00	8	13.33	0
160	pixel	105	5	1774.33	2157	17	13.33	0
161	pixel	105	6	1831	2146	18	13.33	0
162	pixel	105	7	1986	2289	17	13.33	0
163	pixel	105	8	2054	2263	18	13.33	0
164	pixel	105	9	1782	2046.00	26	13.33	0
165	pixel	105	10	1528	2107	25	13.33	0
166	pixel	105	11	1445.67	1985.00	25	13.33	0
167	pixel	105	12	1697.33	1936.00	26	13.33	0
168	pixel	110	1	2869.67	1373.67	8	13.33	0
169	pixel	110	2	2770.67	1337.67	7	13.33	0
170	pixel	110	3	2202.67	1371.67	1	13.33	0
171	pixel	110	4	1129.33	2118.33	14	13.33	0
172	pixel	110	5	1214.00	656.33	18	13.33	0
