 	units	id	index	x	y	z	radius	name-id
1	pixel	122	1	1273	849.00	4	13.33	0
2	pixel	122	2	1561.67	1615.67	5	13.33	0
3	pixel	122	3	1791.67	825.67	8	13.33	0
4	pixel	122	4	2860.67	1189.33	8	13.33	0
5	pixel	122	5	1616.67	1625.33	8	13.33	0
6	pixel	122	6	2490.67	2143.33	7	13.33	0
7	pixel	122	7	2784.67	1582.33	9	13.33	0
8	pixel	122	8	1710.67	1684.33	11	13.33	0
9	pixel	122	9	1714.67	1188.33	13	13.33	0
10	pixel	122	10	2547.67	1392.33	13	13.33	0
11	pixel	122	11	2563.67	1578.33	13	13.33	0
12	pixel	122	12	1164.67	1618.33	16	13.33	0
13	pixel	122	13	991.33	1378.33	16	13.33	0
14	pixel	122	14	2299	1175.33	19	13.33	0
15	pixel	122	15	1323	1464.33	19	13.33	0
16	pixel	122	16	1973	1714.33	19	13.33	0
17	pixel	122	17	1145	578.33	23	13.33	0
18	pixel	122	18	1113	484.00	24	13.33	0
19	pixel	122	19	1835	1793.67	23	13.33	0
20	pixel	122	20	1892	529.67	29	13.33	0
21	pixel	122	21	1951	702.67	30	13.33	0
22	pixel	122	22	1782	1431.67	29	13.33	0
23	pixel	122	23	1218	2051.67	30	13.33	0
24	pixel	122	24	1375	1863.67	31	13.33	0
25	pixel	122	25	2438	1203.67	32	13.33	0
26	pixel	125	1	1531	461.00	3	13.33	0
27	pixel	125	2	1926.67	1052.67	4	13.33	0
28	pixel	125	3	1766.67	967.67	4	13.33	0
29	pixel	125	4	2002.67	326.67	4	13.33	0
30	pixel	125	5	942.67	1869.33	4	13.33	0
31	pixel	125	6	889.33	1829.33	4	13.33	0
32	pixel	125	7	1119	1651.33	4	13.33	0
33	pixel	125	8	2318	1551.33	3	13.33	0
34	pixel	125	9	2469	1585.33	3	13.33	0
35	pixel	125	10	2143	1929.33	3	13.33	0
36	pixel	125	11	2263	1957.33	3	13.33	0
37	pixel	125	12	1723	2261.33	4	13.33	0
38	pixel	125	13	1188	2056.33	4	13.33	0
39	pixel	125	14	1862	439.33	4	13.33	0
40	pixel	125	15	1388	798.33	6	13.33	0
41	pixel	125	16	1022	493.33	5	13.33	0
42	pixel	125	17	1134	1340.33	5	13.33	0
43	pixel	125	18	1521	1887.33	6	13.33	0
44	pixel	125	19	1154	473.33	8	13.33	0
45	pixel	125	20	1302	789.33	8	13.33	0
46	pixel	125	21	1310	1007.33	8	13.33	0
47	pixel	125	22	980	920.33	7	13.33	0
48	pixel	125	23	1477	669.33	7	13.33	0
49	pixel	125	24	1608	784.33	7	13.33	0
50	pixel	125	25	2090	1011.33	8	13.33	0
51	pixel	125	26	1977	887.33	8	13.33	0
52	pixel	125	27	2362	718.33	8	13.33	0
53	pixel	125	28	1722	1305.33	8	13.33	0
54	pixel	125	29	2047	1250.33	8	13.33	0
55	pixel	125	30	2238	1256.33	7	13.33	0
56	pixel	125	31	2453	2247.33	7	13.33	0
57	pixel	125	32	1690	815.33	10	13.33	0
58	pixel	125	33	1866	441.33	9	13.33	0
59	pixel	125	34	2505	831.33	9	13.33	0
60	pixel	125	35	2193	1445.33	9	13.33	0
61	pixel	125	36	2046	1421.33	10	13.33	0
62	pixel	125	37	2267	1242.33	10	13.33	0
63	pixel	125	38	1365	2185.33	9	13.33	0
64	pixel	125	39	1216	1997.33	9	13.33	0
65	pixel	125	40	1451	1966.33	9	13.33	0
66	pixel	125	41	2522	2021.33	9	13.33	0
67	pixel	125	42	2841	464.33	9	13.33	0
68	pixel	125	43	2412	508.33	10	13.33	0
69	pixel	125	44	1257	1833.33	9	13.33	0
70	pixel	125	45	1615	868.33	12	13.33	0
71	pixel	125	46	1366	550.33	11	13.33	0
72	pixel	125	47	2407	1183.33	12	13.33	0
73	pixel	125	48	2623	471.33	12	13.33	0
74	pixel	125	49	1733	2107.33	11	13.33	0
75	pixel	125	50	1207	1842.33	12	13.33	0
76	pixel	125	51	1360	2085.33	12	13.33	0
77	pixel	125	52	1704	1336.33	12	13.33	0
78	pixel	125	53	1124	2026.33	11	13.33	0
79	pixel	125	54	2583	1364.33	11	13.33	0
80	pixel	125	55	2355	523.33	14	13.33	0
81	pixel	125	56	2388	494.33	13	13.33	0
82	pixel	125	57	1910	1248.33	13	13.33	0
83	pixel	125	58	2328	2209.33	13	13.33	0
84	pixel	125	59	2107	986.33	15	13.33	0
85	pixel	125	60	1655	966.33	15	13.33	0
86	pixel	125	61	2082	1238.33	16	13.33	0
87	pixel	125	62	2231	430.33	15	13.33	0
88	pixel	125	63	2273	573.33	16	13.33	0
89	pixel	125	64	954	1643.33	16	13.33	0
90	pixel	125	65	1143	1573.33	16	13.33	0
91	pixel	125	66	1330	1678.33	15	13.33	0
92	pixel	125	67	2105	379.33	18	13.33	0
93	pixel	125	68	2146	1586.33	18	13.33	0
94	pixel	125	69	2660	1708.33	17	13.33	0
95	pixel	125	70	1920	825.33	19	13.33	0
96	pixel	125	71	2088	1676.33	19	13.33	0
97	pixel	125	72	2386	1722.33	19	13.33	0
98	pixel	125	73	1912	2206.33	19	13.33	0
99	pixel	125	74	2010	2286.33	20	13.33	0
100	pixel	125	75	1727	1981.33	20	13.33	0
101	pixel	125	76	1740	1477.33	19	13.33	0
102	pixel	125	77	2648	784.33	21	13.33	0
103	pixel	125	78	2800	630.33	21	13.33	0
104	pixel	125	79	914	405.33	24	13.33	0
105	pixel	125	80	1127	972.33	24	13.33	0
106	pixel	125	81	1534	1127.33	23	13.33	0
107	pixel	125	82	2500	405.33	23	13.33	0
108	pixel	125	83	1590	877.33	25	13.33	0
109	pixel	125	84	1561	1005.33	26	13.33	0
110	pixel	125	85	1713	987.33	26	13.33	0
111	pixel	125	86	1395	789.33	26	13.33	0
112	pixel	125	87	1487	1068.33	25	13.33	0
113	pixel	125	88	2371	816.33	25	13.33	0
114	pixel	125	89	983	2050.33	26	13.33	0
115	pixel	125	90	1972	2202.33	26	13.33	0
116	pixel	125	91	2510	715.33	28	13.33	0
117	pixel	125	92	2313	467.33	28	13.33	0
118	pixel	125	93	1065	1484.33	28	13.33	0
119	pixel	125	94	1089	2060.33	27	13.33	0
120	pixel	125	95	970	304.33	30	13.33	0
121	pixel	125	96	2805	615	30	13.33	0
122	pixel	125	97	2644	676	30	13.33	0
123	pixel	125	98	2557	536	30	13.33	0
124	pixel	125	99	1680	1623	30	13.33	0
125	pixel	125	100	2534	1926	29	13.33	0
126	pixel	125	101	1969	2171	29	13.33	0
127	pixel	125	102	2797	1492	30	13.33	0
128	pixel	125	103	955	2239	30	13.33	0
129	pixel	125	104	2830	325.00	30	13.33	0
130	pixel	125	105	1278	1005	32	13.33	0
131	pixel	125	106	1431	1242	32	13.33	0
132	pixel	125	107	2195	410.00	32	13.33	0
133	pixel	125	108	2526	454.00	32	13.33	0
134	pixel	125	109	1817	1530	32	13.33	0
135	pixel	125	110	1056	1672	31	13.33	0
136	pixel	125	111	1673	1421	32	13.33	0
137	pixel	125	112	1858	731	33	13.33	0
138	pixel	125	113	1774	977	34	13.33	0
139	pixel	125	114	2683	1593	34	13.33	0
140	pixel	125	115	2370	1320	33	13.33	0
141	pixel	125	116	1101	696	33	13.33	0
142	pixel	128	1	1534.00	1308.00	3	13.33	0
143	pixel	128	2	1481.67	1384.67	4	13.33	0
144	pixel	128	3	2191.33	1153.67	4	13.33	0
145	pixel	128	4	2234.33	1119.33	3	13.33	0
146	pixel	128	5	2403.33	638.00	3	13.33	0
147	pixel	128	6	2303.33	681.67	4	13.33	0
148	pixel	128	7	2610.33	297.67	3	13.33	0
149	pixel	128	8	2510.33	338.33	4	13.33	0
150	pixel	128	9	2679.33	1178.33	4	13.33	0
151	pixel	128	10	2703.33	1214.33	3	13.33	0
152	pixel	128	11	1079.33	1864.33	3	13.33	0
153	pixel	128	12	1059.00	2029.33	4	13.33	0
154	pixel	128	13	1046.67	1456.33	3	13.33	0
155	pixel	128	14	1007.33	1578.33	4	13.33	0
156	pixel	128	15	1916.00	1510.33	4	13.33	0
157	pixel	128	16	1929.00	1449.33	3	13.33	0
158	pixel	128	17	2745	1906.33	3	13.33	0
159	pixel	128	18	2768	1901.33	4	13.33	0
160	pixel	128	19	1563.00	1991.33	3	13.33	0
161	pixel	128	20	1553.00	2126.33	4	13.33	0
162	pixel	128	21	1055.00	889.33	5	13.33	0
163	pixel	128	22	956.00	945.33	6	13.33	0
164	pixel	128	23	1472.67	599.33	6	13.33	0
165	pixel	128	24	1553.67	523.33	5	13.33	0
166	pixel	128	25	1794.67	1410.33	6	13.33	0
167	pixel	128	26	1845.67	1383.33	5	13.33	0
168	pixel	128	27	1436.67	1274.33	8	13.33	0
169	pixel	128	28	1424.67	1165.33	7	13.33	0
170	pixel	128	29	2291.67	650.33	8	13.33	0
171	pixel	128	30	2351.67	517.33	7	13.33	0
172	pixel	128	31	1386.67	1941.33	7	13.33	0
173	pixel	128	32	1436.67	1949.33	8	13.33	0
174	pixel	128	33	2768.67	1542.33	8	13.33	0
175	pixel	128	34	2850.67	1464.33	7	13.33	0
176	pixel	128	35	2681.67	1202.33	7	13.33	0
177	pixel	128	36	2636.67	1296.33	8	13.33	0
178	pixel	128	37	2029.67	2108.33	7	13.33	0
179	pixel	128	38	2043.67	2173.33	8	13.33	0
180	pixel	128	39	2774.67	1986.33	8	13.33	0
181	pixel	128	40	2840.67	1923.33	7	13.33	0
182	pixel	128	41	2351.67	637.33	9	13.33	0
183	pixel	128	42	2308.67	729.33	10	13.33	0
184	pixel	128	43	2035.67	1241.33	10	13.33	0
185	pixel	128	44	2075.67	1174.33	9	13.33	0
186	pixel	128	45	2635.67	1063.33	9	13.33	0
187	pixel	128	46	2647.67	1100.33	10	13.33	0
188	pixel	128	47	2399.67	1348.33	9	13.33	0
189	pixel	128	48	2376.67	1405.33	10	13.33	0
190	pixel	128	49	2566.67	1708.33	9	13.33	0
191	pixel	128	50	2544.67	1763.33	10	13.33	0
192	pixel	128	51	2730.67	1711.33	10	13.33	0
193	pixel	128	52	2731.67	1692.33	9	13.33	0
194	pixel	128	53	1171.67	2284.33	9	13.33	0
195	pixel	128	54	1077.67	2373.33	10	13.33	0
196	pixel	128	55	983.67	1718.33	9	13.33	0
197	pixel	128	56	899.67	1832.33	10	13.33	0
198	pixel	128	57	997.33	1018.33	11	13.33	0
199	pixel	128	58	1389.33	1029.33	12	13.33	0
200	pixel	128	59	1881.33	515.33	11	13.33	0
201	pixel	128	60	2288.33	506.33	12	13.33	0
202	pixel	128	61	1959.33	1051.33	11	13.33	0
203	pixel	128	62	2323.33	1027.33	12	13.33	0
204	pixel	128	63	2504.33	1214.33	11	13.33	0
205	pixel	128	64	2886.33	1175.33	12	13.33	0
206	pixel	128	65	1548.33	1515.33	11	13.33	0
207	pixel	128	66	1934.33	1494.33	12	13.33	0
208	pixel	128	67	1528.33	2104.33	11	13.33	0
209	pixel	128	68	1903.33	2053.33	12	13.33	0
210	pixel	128	69	773.33	1739.33	11	13.33	0
211	pixel	128	70	1126.00	1726.33	12	13.33	0
212	pixel	128	71	1589.00	1776.33	12	13.33	0
213	pixel	128	72	1348.00	1904.33	11	13.33	0
214	pixel	128	73	1918.00	2183.33	11	13.33	0
215	pixel	128	74	2278	2129.33	12	13.33	0
216	pixel	128	75	2522	1915.33	11	13.33	0
217	pixel	128	76	2889	1878.33	12	13.33	0
218	pixel	128	77	2431	818.33	13	13.33	0
219	pixel	128	78	2322	815.33	14	13.33	0
220	pixel	128	79	2697	551.33	14	13.33	0
221	pixel	128	80	2790	595.33	13	13.33	0
222	pixel	128	81	2278	1254.33	13	13.33	0
223	pixel	128	82	2133	1261.33	14	13.33	0
224	pixel	128	83	2318	1013.33	14	13.33	0
225	pixel	128	84	2448	984.33	13	13.33	0
226	pixel	128	85	1989.00	1444.33	13	13.33	0
227	pixel	128	86	1844.00	1487.33	14	13.33	0
228	pixel	128	87	1889.00	1770.33	13	13.33	0
229	pixel	128	88	1757.00	1767.33	14	13.33	0
230	pixel	128	89	2704	1410.33	13	13.33	0
231	pixel	128	90	2620	1391.33	14	13.33	0
232	pixel	128	91	2850	2099.33	13	13.33	0
233	pixel	128	92	2775	2071.33	14	13.33	0
234	pixel	128	93	1789.00	1006.33	16	13.33	0
235	pixel	128	94	1789.00	944.33	15	13.33	0
236	pixel	128	95	1602.00	781.33	16	13.33	0
237	pixel	128	96	1633.00	743.33	15	13.33	0
238	pixel	128	97	1609.00	1602.33	16	13.33	0
239	pixel	128	98	1606.00	1566.33	15	13.33	0
240	pixel	128	99	2603	731.33	18	13.33	0
241	pixel	128	100	2746	709.33	17	13.33	0
242	pixel	128	101	2524	620.33	17	13.33	0
243	pixel	128	102	2379	654.33	18	13.33	0
244	pixel	128	103	2612	1220.33	17	13.33	0
245	pixel	128	104	2463	1246.33	18	13.33	0
246	pixel	128	105	2218	1325.33	18	13.33	0
247	pixel	128	106	2334	1308.33	17	13.33	0
248	pixel	128	107	2575	1803.33	17	13.33	0
249	pixel	128	108	2441	1808.33	18	13.33	0
250	pixel	128	109	2425	1783.33	17	13.33	0
251	pixel	128	110	2319	1804.33	18	13.33	0
252	pixel	128	111	1795.00	1106.33	19	13.33	0
253	pixel	128	112	1794.00	1143.33	20	13.33	0
254	pixel	128	113	1847.00	386.33	19	13.33	0
255	pixel	128	114	1781.00	474.33	20	13.33	0
256	pixel	128	115	2719	883.33	19	13.33	0
257	pixel	128	116	2705	878.33	20	13.33	0
258	pixel	128	117	2825	566.33	20	13.33	0
259	pixel	128	118	2869	586.33	19	13.33	0
260	pixel	128	119	2204	879.33	19	13.33	0
261	pixel	128	120	2221	872.33	20	13.33	0
262	pixel	128	121	1518.00	1477.33	19	13.33	0
263	pixel	128	122	1590.00	1593.33	19	13.33	0
264	pixel	128	123	1548.00	1485.33	20	13.33	0
265	pixel	128	124	1631.00	1584.33	20	13.33	0
266	pixel	128	125	2588	1515.33	19	13.33	0
267	pixel	128	126	2596	1436.33	20	13.33	0
268	pixel	128	127	2468	1695.33	19	13.33	0
269	pixel	128	128	2488	1673.33	20	13.33	0
270	pixel	128	129	1104.00	973.33	21	13.33	0
271	pixel	128	130	975.00	1023.33	22	13.33	0
272	pixel	128	131	2741	273.33	21	13.33	0
273	pixel	128	132	2819	334.00	21	13.33	0
274	pixel	128	133	2618	340.00	22	13.33	0
275	pixel	128	134	2702	382.00	22	13.33	0
276	pixel	128	135	1101.00	1347.00	21	13.33	0
277	pixel	128	136	984.00	1460.00	22	13.33	0
278	pixel	128	137	2224	1498.00	21	13.33	0
279	pixel	128	138	2165	1523.00	22	13.33	0
280	pixel	128	139	1280.00	1149.00	23	13.33	0
281	pixel	128	140	1295.00	1160.00	24	13.33	0
282	pixel	128	141	936.00	1175.00	23	13.33	0
283	pixel	128	142	961.00	1194.00	24	13.33	0
284	pixel	128	143	1716.00	744.00	23	13.33	0
285	pixel	128	144	1770.00	706.00	24	13.33	0
286	pixel	128	145	1575.00	457.00	24	13.33	0
287	pixel	128	146	1540.00	513.00	23	13.33	0
288	pixel	128	147	1029.00	182.00	25	13.33	0
289	pixel	128	148	1039.00	444.67	26	13.33	0
290	pixel	128	149	2279	1876.67	26	13.33	0
291	pixel	128	150	2203	1799.67	25	13.33	0
292	pixel	128	151	2127	1586.67	26	13.33	0
293	pixel	128	152	2060	1480.67	25	13.33	0
294	pixel	128	153	1352.00	1654.67	26	13.33	0
295	pixel	128	154	1338.00	1503.67	25	13.33	0
296	pixel	128	155	1282.00	458.67	27	13.33	0
297	pixel	128	156	1144.00	589.67	28	13.33	0
298	pixel	128	157	1276.00	1091.67	27	13.33	0
299	pixel	128	158	1137.00	1173.67	28	13.33	0
300	pixel	128	159	1021.00	2145.67	27	13.33	0
301	pixel	128	160	971.00	2228.67	28	13.33	0
302	pixel	128	161	2571	2261.67	27	13.33	0
303	pixel	128	162	2593	2263.67	28	13.33	0
304	pixel	128	163	1437.00	429.67	30	13.33	0
305	pixel	128	164	1534.00	313.67	29	13.33	0
306	pixel	128	165	1615.00	1134.67	29	13.33	0
307	pixel	128	166	1581.00	1233.67	30	13.33	0
308	pixel	128	167	2533	1401.67	30	13.33	0
309	pixel	128	168	2529	1357.67	29	13.33	0
310	pixel	128	169	2204	1337.67	30	13.33	0
311	pixel	128	170	2220	1309.67	29	13.33	0
312	pixel	128	171	1777.00	2049.67	30	13.33	0
313	pixel	128	172	1781.00	1982.67	29	13.33	0
314	pixel	128	173	2502	2226.67	30	13.33	0
315	pixel	128	174	2443	2238.67	29	13.33	0
316	pixel	128	175	1762.00	614.67	29	13.33	0
317	pixel	128	176	1728.00	684.67	30	13.33	0
318	pixel	128	177	1768.00	680.67	32	13.33	0
319	pixel	128	178	1934.00	588.67	31	13.33	0
320	pixel	128	179	1915.00	1872.67	31	13.33	0
321	pixel	128	180	2065	1568.67	31	13.33	0
322	pixel	128	181	1940.00	1624.67	32	13.33	0
323	pixel	128	182	1861.00	1893.67	32	13.33	0
324	pixel	128	183	2610	1918.67	31	13.33	0
325	pixel	128	184	2524	1875.67	32	13.33	0
326	pixel	128	185	1485.00	871.67	34	13.33	0
327	pixel	128	186	1468.00	783.67	33	13.33	0
328	pixel	128	187	1968.00	339.67	33	13.33	0
329	pixel	128	188	2013.00	327.67	34	13.33	0
330	pixel	128	189	2306	640.67	34	13.33	0
331	pixel	128	190	2202	707.67	33	13.33	0
332	pixel	128	191	1208.00	767.67	33	13.33	0
333	pixel	128	192	1240.00	754.67	34	13.33	0
334	pixel	128	193	1108.00	927.67	33	13.33	0
335	pixel	128	194	1140.00	903.67	34	13.33	0
336	pixel	128	195	2283	1220.67	34	13.33	0
337	pixel	128	196	2177	1215.67	33	13.33	0
338	pixel	128	197	2587	984.67	33	13.33	0
339	pixel	128	198	2681	899.67	34	13.33	0
340	pixel	128	199	2250	1568.67	33	13.33	0
341	pixel	128	200	2347	1519.67	34	13.33	0
342	pixel	128	201	2137	1572.67	34	13.33	0
343	pixel	128	202	2053	1615.67	33	13.33	0
344	pixel	128	203	2088	1941.67	33	13.33	0
345	pixel	128	204	2173	1895.67	34	13.33	0
346	pixel	128	205	2031.00	1956.67	34	13.33	0
347	pixel	128	206	1897.00	2017.67	33	13.33	0
348	pixel	128	207	2216	2157.67	33	13.33	0
349	pixel	128	208	2343	2095.67	34	13.33	0
350	pixel	128	209	2454	2209.67	34	13.33	0
351	pixel	128	210	2314	2303.67	33	13.33	0
352	pixel	128	211	2059	2241.67	34	13.33	0
353	pixel	128	212	1930.00	2305.67	33	13.33	0
354	pixel	131	1	1369.00	1776.00	5	13.33	0
355	pixel	131	2	1264.67	1900.67	6	13.33	0
356	pixel	131	3	2002.33	1875.67	8	13.33	0
357	pixel	131	4	1997.33	1801.67	7	13.33	0
358	pixel	131	5	2444.33	1419.67	8	13.33	0
359	pixel	131	6	2468.33	1319.33	7	13.33	0
360	pixel	131	7	2241.33	1995.00	11	13.33	0
361	pixel	131	8	2590.33	1896.00	12	13.33	0
362	pixel	131	9	2503.33	2111.00	18	13.33	0
363	pixel	131	10	2606.33	2135.00	17	13.33	0
364	pixel	131	11	2483.33	2215.00	18	13.33	0
365	pixel	131	12	2575.33	2256.00	17	13.33	0
366	pixel	131	13	1773.33	1976.00	18	13.33	0
367	pixel	131	14	1934.33	1925.00	17	13.33	0
368	pixel	131	15	2184.33	2433.00	19	13.33	0
369	pixel	131	16	2254.33	2301.00	20	13.33	0
370	pixel	131	17	1686.33	2314.00	23	13.33	0
371	pixel	131	18	1816.33	2199.00	24	13.33	0
372	pixel	131	19	2000.33	396.00	25	13.33	0
373	pixel	131	20	2022.33	548.67	26	13.33	0
374	pixel	131	21	2114.33	703.67	28	13.33	0
375	pixel	131	22	2202.33	666.67	27	13.33	0
376	pixel	131	23	2747.33	1371.67	27	13.33	0
377	pixel	131	24	2698.33	1351.67	28	13.33	0
378	pixel	131	25	2501.33	763.67	30	13.33	0
379	pixel	131	26	2545.33	712.67	29	13.33	0
380	pixel	131	27	1583.33	1899.67	29	13.33	0
381	pixel	131	28	1571.33	1929.67	30	13.33	0
382	pixel	131	29	2265.33	1909.67	30	13.33	0
383	pixel	131	30	2243.33	1873.67	29	13.33	0
384	pixel	131	31	2564.33	1093.67	32	13.33	0
385	pixel	131	32	2688.33	1064.67	31	13.33	0
386	pixel	131	33	2437.33	2130.67	32	13.33	0
387	pixel	131	34	2504.33	2158.67	31	13.33	0
388	pixel	131	35	2779.33	663.67	33	13.33	0
389	pixel	131	36	2861.33	588.67	34	13.33	0
390	pixel	134	1	1891.00	871	3	13.33	0
391	pixel	134	2	2124.67	803.67	8	13.33	0
392	pixel	134	3	2041.67	1189.33	7	13.33	0
393	pixel	134	4	1307.67	2029.33	7	13.33	0
394	pixel	134	5	1267.33	2085.33	8	13.33	0
395	pixel	134	6	2413	950.33	10	13.33	0
396	pixel	134	7	2312	1234.33	10	13.33	0
397	pixel	134	8	2105.00	825.33	11	13.33	0
398	pixel	134	9	2195	1509.33	12	13.33	0
399	pixel	134	10	1838.00	1571.33	11	13.33	0
400	pixel	134	11	2274	1015.33	11	13.33	0
401	pixel	134	12	2477	1579.33	14	13.33	0
402	pixel	134	13	2208	435.33	16	13.33	0
403	pixel	134	14	1103.00	1608	16	13.33	0
404	pixel	134	15	2129.67	1407	16	13.33	0
405	pixel	134	16	1869.67	1965	18	13.33	0
406	pixel	134	17	2267.67	1238	19	13.33	0
407	pixel	134	18	1228.67	2575	19	13.33	0
408	pixel	134	19	2404.67	713	25	13.33	0
409	pixel	134	20	2637.67	1287	28	13.33	0
410	pixel	134	21	1963.67	647	29	13.33	0
411	pixel	134	22	1620.67	1175	31	13.33	0
