 	units	id	index	x	y	z	radius	name-id
1	pixel	153	1	2223	2245	1	13.33	0
2	pixel	153	2	1193.67	2045.67	3	13.33	0
3	pixel	153	3	2878.33	788.33	6	13.33	0
4	pixel	153	4	2692.33	570.00	13	13.33	0
5	pixel	153	5	2580.33	1448.67	14	13.33	0
6	pixel	153	6	2403.33	1517.67	15	13.33	0
7	pixel	153	7	2346.33	1569.67	23	13.33	0
8	pixel	153	8	2234.33	1338.67	23	13.33	0
9	pixel	153	9	1642.33	1167.67	30	13.33	0
10	pixel	153	10	1498.33	1573.67	29	13.33	0
11	pixel	153	11	1723.33	1273.67	32	13.33	0
12	pixel	153	12	2099.33	942.67	36	13.33	0
13	pixel	153	13	1792.33	1910.67	42	13.33	0
14	pixel	153	14	1870.33	580.67	41	13.33	0
15	pixel	156	1	2115	1236.00	1	13.33	0
16	pixel	156	2	2090.67	637.67	4	13.33	0
17	pixel	156	3	2518.33	1019.33	4	13.33	0
18	pixel	156	4	2851.33	842.33	3	13.33	0
19	pixel	156	5	2564.33	1700.33	3	13.33	0
20	pixel	156	6	2795.33	1693.33	3	13.33	0
21	pixel	156	7	1760.33	2246.33	3	13.33	0
22	pixel	156	8	1450	518.33	5	13.33	0
23	pixel	156	9	2909.67	1128.00	5	13.33	0
24	pixel	156	10	2397.67	2067	6	13.33	0
25	pixel	156	11	1430.67	1136.00	9	13.33	0
26	pixel	156	12	1440.33	647	9	13.33	0
27	pixel	156	13	2428.33	972.00	9	13.33	0
28	pixel	156	14	2305.33	636	9	13.33	0
29	pixel	156	15	2653.33	863	9	13.33	0
30	pixel	156	16	1177.33	2217	10	13.33	0
31	pixel	156	17	1742.00	410.00	10	13.33	0
32	pixel	156	18	1711.00	623.67	10	13.33	0
33	pixel	156	19	1046	1084.67	11	13.33	0
34	pixel	156	20	2372.67	1129.67	12	13.33	0
35	pixel	156	21	1644.67	1534.67	11	13.33	0
36	pixel	156	22	1941.67	2268.67	11	13.33	0
37	pixel	156	23	1749.67	974.67	14	13.33	0
38	pixel	156	24	2387.67	1401.67	13	13.33	0
39	pixel	156	25	2452.67	1667.67	13	13.33	0
40	pixel	156	26	2349.67	883.67	13	13.33	0
41	pixel	156	27	1042.67	1132.67	16	13.33	0
42	pixel	156	28	1393.33	517.67	15	13.33	0
43	pixel	156	29	2589.33	696.67	17	13.33	0
44	pixel	156	30	1164.33	1360.67	18	13.33	0
45	pixel	156	31	1708.33	1113.67	18	13.33	0
46	pixel	156	32	1971.33	1109.67	18	13.33	0
47	pixel	156	33	1266.33	888.67	18	13.33	0
48	pixel	156	34	1110.33	2254.67	18	13.33	0
49	pixel	156	35	2477.33	2039.67	18	13.33	0
50	pixel	156	36	1863.33	2105.67	18	13.33	0
51	pixel	156	37	2067.33	2017.67	18	13.33	0
52	pixel	156	38	1210.33	1005.67	19	13.33	0
53	pixel	156	39	1646.33	1466.67	20	13.33	0
54	pixel	156	40	1808.33	2034.67	20	13.33	0
55	pixel	156	41	1154.33	2033.67	20	13.33	0
56	pixel	156	42	1065.33	1832.67	19	13.33	0
57	pixel	156	43	1062.33	2122.67	19	13.33	0
58	pixel	156	44	1686.33	1067.67	20	13.33	0
59	pixel	156	45	2338.33	792.67	21	13.33	0
60	pixel	156	46	2757.33	521.67	21	13.33	0
61	pixel	156	47	2733.33	1807.67	22	13.33	0
62	pixel	156	48	1221.33	2195.67	21	13.33	0
63	pixel	156	49	2086.33	2186.67	21	13.33	0
64	pixel	156	50	2118.33	2008.67	22	13.33	0
65	pixel	156	51	2609.33	1378.67	21	13.33	0
66	pixel	156	52	1981.33	1375.67	21	13.33	0
67	pixel	156	53	2486.33	681.67	23	13.33	0
68	pixel	156	54	1203.33	1776.67	24	13.33	0
69	pixel	156	55	1081.33	1811.67	23	13.33	0
70	pixel	156	56	2748.33	2007.67	24	13.33	0
71	pixel	156	57	1976.33	1853.67	24	13.33	0
72	pixel	156	58	2677.33	921.67	25	13.33	0
73	pixel	156	59	1350.33	1983.67	25	13.33	0
74	pixel	156	60	1254.33	1556.67	25	13.33	0
75	pixel	156	61	1348.33	1074.67	27	13.33	0
76	pixel	156	62	1478.33	1072.67	27	13.33	0
77	pixel	156	63	1266.33	598.67	28	13.33	0
78	pixel	156	64	2240.33	1087.67	28	13.33	0
79	pixel	156	65	2943.33	1150.67	28	13.33	0
80	pixel	156	66	1422.33	1583.67	28	13.33	0
81	pixel	156	67	1352.33	753.67	29	13.33	0
82	pixel	156	68	2174.33	922.67	30	13.33	0
83	pixel	156	69	1938.33	932.67	29	13.33	0
84	pixel	156	70	1414.33	1263.67	30	13.33	0
85	pixel	156	71	2791.33	519.67	29	13.33	0
86	pixel	156	72	1249.33	1457.67	29	13.33	0
87	pixel	156	73	1652.33	1809.67	29	13.33	0
88	pixel	156	74	2122.33	1474.67	29	13.33	0
89	pixel	156	75	2001.33	2034.67	29	13.33	0
90	pixel	156	76	1094.33	853.67	31	13.33	0
91	pixel	156	77	2927.33	442.67	32	13.33	0
92	pixel	156	78	2602.33	1205.67	31	13.33	0
93	pixel	156	79	1465.33	1297.67	31	13.33	0
94	pixel	156	80	1445.33	845.67	33	13.33	0
95	pixel	156	81	1498.33	997.67	33	13.33	0
96	pixel	156	82	1469.33	1104.67	34	13.33	0
97	pixel	156	83	1382.33	1458.67	34	13.33	0
98	pixel	156	84	1340.33	1338.67	33	13.33	0
99	pixel	156	85	2906.33	1275.67	33	13.33	0
100	pixel	156	86	1485.33	710.67	33	13.33	0
101	pixel	156	87	2246.33	524.67	36	13.33	0
102	pixel	156	88	1063.33	387.67	36	13.33	0
103	pixel	156	89	1002.33	1606.33	36	13.33	0
104	pixel	156	90	2458	1791.33	35	13.33	0
105	pixel	156	91	1633	977.33	37	13.33	0
106	pixel	156	92	1955	1089.33	38	13.33	0
107	pixel	156	93	2830	1207.33	37	13.33	0
108	pixel	156	94	2485	1469.33	38	13.33	0
109	pixel	156	95	1541	2089.33	37	13.33	0
110	pixel	156	96	1227	1015.33	39	13.33	0
111	pixel	156	97	1347	967.33	39	13.33	0
112	pixel	156	98	1833	1732.33	39	13.33	0
113	pixel	156	99	2039	1802.33	39	13.33	0
114	pixel	156	100	1375	1205.33	39	13.33	0
115	pixel	156	101	1574	2073.33	40	13.33	0
116	pixel	156	102	1768	2270.33	39	13.33	0
117	pixel	156	103	1634	559.33	40	13.33	0
118	pixel	156	104	2478	991.33	42	13.33	0
119	pixel	156	105	1155	1146.33	41	13.33	0
120	pixel	156	106	1039	1827.33	41	13.33	0
121	pixel	156	107	2232	2259.33	41	13.33	0
122	pixel	159	1	2328.00	923	1	13.33	0
123	pixel	159	2	2245.67	834.67	2	13.33	0
124	pixel	159	3	2417.33	1297.33	2	13.33	0
125	pixel	159	4	2441.33	1372.33	1	13.33	0
126	pixel	159	5	2184.33	501.33	1	13.33	0
127	pixel	159	6	2055.00	427	2	13.33	0
128	pixel	159	7	2889.67	1159.67	2	13.33	0
129	pixel	159	8	2927.67	1259.67	1	13.33	0
130	pixel	159	9	2796.67	985.67	2	13.33	0
131	pixel	159	10	2851.67	1119.67	1	13.33	0
132	pixel	159	11	2768.67	1414.67	1	13.33	0
133	pixel	159	12	2720.67	1300.67	2	13.33	0
134	pixel	159	13	2080.67	1953.67	2	13.33	0
135	pixel	159	14	2106.67	2034.67	1	13.33	0
136	pixel	159	15	1884.67	794.67	3	13.33	0
137	pixel	159	16	1865.33	919.67	4	13.33	0
138	pixel	159	17	1900.00	1388.67	3	13.33	0
139	pixel	159	18	1922.00	1501.67	4	13.33	0
140	pixel	159	19	2092.00	1542.67	4	13.33	0
141	pixel	159	20	2067.00	1428.67	3	13.33	0
142	pixel	159	21	1599.00	2096.67	3	13.33	0
143	pixel	159	22	1684.67	2278.67	4	13.33	0
144	pixel	159	23	2221.67	1993.67	3	13.33	0
145	pixel	159	24	2289.67	2146.67	4	13.33	0
146	pixel	159	25	1052.67	431.67	6	13.33	0
147	pixel	159	26	1202.33	323.67	5	13.33	0
148	pixel	159	27	2241.33	1238.33	5	13.33	0
149	pixel	159	28	2111.33	1209.33	6	13.33	0
150	pixel	159	29	2775.33	1086.33	5	13.33	0
151	pixel	159	30	2636.33	1036.33	6	13.33	0
152	pixel	159	31	1505.33	1344.33	5	13.33	0
153	pixel	159	32	1400.33	1377.33	6	13.33	0
154	pixel	159	33	1660.33	1600.33	7	13.33	0
155	pixel	159	34	1630.33	1712.33	8	13.33	0
156	pixel	159	35	1167.33	1525.33	7	13.33	0
157	pixel	159	36	1116.33	1681.33	8	13.33	0
158	pixel	159	37	2733.33	1780.33	7	13.33	0
159	pixel	159	38	2733.33	1882.33	8	13.33	0
160	pixel	159	39	2511.33	1660.33	8	13.33	0
161	pixel	159	40	2481.33	1569.33	7	13.33	0
162	pixel	159	41	2913.33	1413.33	7	13.33	0
163	pixel	159	42	2893.33	1528.33	8	13.33	0
164	pixel	159	43	1373.33	2057.33	7	13.33	0
165	pixel	159	44	1337.33	2232.33	8	13.33	0
166	pixel	159	45	1201.33	935.33	9	13.33	0
167	pixel	159	46	1096.33	809.33	10	13.33	0
168	pixel	159	47	1359.33	520.33	9	13.33	0
169	pixel	159	48	1218.33	425.33	10	13.33	0
170	pixel	159	49	2324.33	835.33	9	13.33	0
171	pixel	159	50	2250.33	668.33	10	13.33	0
172	pixel	159	51	2125.33	867.33	10	13.33	0
173	pixel	159	52	2197.33	1062.33	9	13.33	0
174	pixel	159	53	1933.33	1424.33	9	13.33	0
175	pixel	159	54	1861.33	1275.33	10	13.33	0
176	pixel	159	55	1904.33	1713.33	9	13.33	0
177	pixel	159	56	1866.33	1564.33	10	13.33	0
178	pixel	159	57	2860.33	535.33	11	13.33	0
179	pixel	159	58	2842.33	484.33	12	13.33	0
180	pixel	159	59	2220.33	419.33	12	13.33	0
181	pixel	159	60	2258.33	471.33	11	13.33	0
182	pixel	159	61	1329.33	1697.33	12	13.33	0
183	pixel	159	62	1304.33	1677.33	11	13.33	0
184	pixel	159	63	1075.33	1744.33	11	13.33	0
185	pixel	159	64	1125.33	1792.33	12	13.33	0
186	pixel	159	65	1503.33	2000.33	11	13.33	0
187	pixel	159	66	1570.33	2024.33	12	13.33	0
188	pixel	159	67	2512.33	1933.33	11	13.33	0
189	pixel	159	68	2596.33	1892.33	12	13.33	0
190	pixel	159	69	1980.33	2012.33	11	13.33	0
191	pixel	159	70	2035.33	2006.33	12	13.33	0
192	pixel	159	71	1167.33	664.33	13	13.33	0
193	pixel	159	72	827.33	594.33	14	13.33	0
194	pixel	159	73	1886.00	932.33	14	13.33	0
195	pixel	159	74	2122.00	951.33	13	13.33	0
196	pixel	159	75	1613.00	1428.33	13	13.33	0
197	pixel	159	76	1308.00	1388.33	14	13.33	0
198	pixel	159	77	1643.00	1427.33	14	13.33	0
199	pixel	159	78	1918.00	1457.33	13	13.33	0
200	pixel	159	79	3114.00	1883.33	13	13.33	0
201	pixel	159	80	2897.00	1803.33	14	13.33	0
202	pixel	159	81	1948.00	2210.33	13	13.33	0
203	pixel	159	82	1714.00	2242.33	14	13.33	0
204	pixel	159	83	1482.00	685.33	15	13.33	0
205	pixel	159	84	1460.00	850.33	16	13.33	0
206	pixel	159	85	1914.00	656.33	16	13.33	0
207	pixel	159	86	1954.00	504.33	15	13.33	0
208	pixel	159	87	2719.00	1075.33	15	13.33	0
209	pixel	159	88	2724.00	1183.33	16	13.33	0
210	pixel	159	89	1626.00	909.33	17	13.33	0
211	pixel	159	90	1416.00	475.33	18	13.33	0
212	pixel	159	91	1053.00	1148.33	17	13.33	0
213	pixel	159	92	897.00	769.33	18	13.33	0
214	pixel	159	93	1982.00	900.33	17	13.33	0
215	pixel	159	94	1777.00	418.33	18	13.33	0
216	pixel	159	95	1953.00	505.33	18	13.33	0
217	pixel	159	96	2145.00	992.33	17	13.33	0
218	pixel	159	97	2613.00	1208.33	17	13.33	0
219	pixel	159	98	2477.00	676.33	18	13.33	0
220	pixel	159	99	1065.00	1595.33	17	13.33	0
221	pixel	159	100	921.00	1209.33	18	13.33	0
222	pixel	159	101	1973.00	1891.33	17	13.33	0
223	pixel	159	102	1899.00	1417.33	18	13.33	0
224	pixel	159	103	2602.00	1897.33	17	13.33	0
225	pixel	159	104	2484.00	1356.33	18	13.33	0
226	pixel	159	105	1752.00	2504.33	17	13.33	0
227	pixel	159	106	1739.00	2049.33	18	13.33	0
228	pixel	159	107	2474.00	2304.33	17	13.33	0
229	pixel	159	108	2461.00	1770.33	18	13.33	0
230	pixel	159	109	1297.00	1359.33	19	13.33	0
231	pixel	159	110	1217.00	1350.33	20	13.33	0
232	pixel	159	111	1346.00	798.33	21	13.33	0
233	pixel	159	112	1100.00	699.33	22	13.33	0
234	pixel	159	113	1388.00	626.33	22	13.33	0
235	pixel	159	114	1623.00	708.33	21	13.33	0
236	pixel	159	115	1298.00	1206.33	22	13.33	0
237	pixel	159	116	1509.00	1305.33	21	13.33	0
238	pixel	159	117	2700.00	977.33	21	13.33	0
239	pixel	159	118	2730.00	998.33	21	13.33	0
240	pixel	159	119	2516.00	881.33	22	13.33	0
241	pixel	159	120	2545.00	903.33	22	13.33	0
242	pixel	159	121	2166.00	1969.33	21	13.33	0
243	pixel	159	122	2011.00	1859.33	22	13.33	0
244	pixel	159	123	1606.00	2063.33	21	13.33	0
245	pixel	159	124	1431.00	1987.33	22	13.33	0
246	pixel	159	125	2602.00	1812.33	22	13.33	0
247	pixel	159	126	2739.00	1911.33	21	13.33	0
248	pixel	159	127	1216.00	607.33	24	13.33	0
249	pixel	159	128	1252.00	438.33	24	13.33	0
250	pixel	159	129	1211.00	497.33	23	13.33	0
251	pixel	159	130	1265.00	348.33	23	13.33	0
252	pixel	159	131	2586.00	1085.33	23	13.33	0
253	pixel	159	132	2663.00	1194.33	24	13.33	0
254	pixel	159	133	2572.00	564.33	25	13.33	0
255	pixel	159	134	2506.00	627.33	26	13.33	0
256	pixel	159	135	2157.00	1253.33	25	13.33	0
257	pixel	159	136	2105.00	1342.33	26	13.33	0
258	pixel	159	137	1361.00	1732.33	25	13.33	0
259	pixel	159	138	1324.00	1856.33	26	13.33	0
260	pixel	159	139	2261.00	528.33	27	13.33	0
261	pixel	159	140	2288.00	429.33	28	13.33	0
262	pixel	159	141	1743.00	864.33	27	13.33	0
263	pixel	159	142	1791.00	791.33	28	13.33	0
264	pixel	159	143	1813.00	497.33	27	13.33	0
265	pixel	159	144	2015.00	462.33	28	13.33	0
266	pixel	159	145	1586.00	1370.33	27	13.33	0
267	pixel	159	146	1619.00	1307.33	28	13.33	0
268	pixel	159	147	2049.00	1372.33	28	13.33	0
269	pixel	159	148	2547.00	1916.33	27	13.33	0
270	pixel	159	149	2592.00	1831.33	28	13.33	0
271	pixel	159	150	2535.00	2271.33	27	13.33	0
272	pixel	159	151	2627.00	2189.33	28	13.33	0
273	pixel	159	152	923.00	1937.33	27	13.33	0
274	pixel	159	153	985.00	1872.33	28	13.33	0
275	pixel	159	154	1441.00	840.33	29	13.33	0
276	pixel	159	155	1350.00	875.33	30	13.33	0
277	pixel	159	156	1681.00	1037.33	29	13.33	0
278	pixel	159	157	1576.00	1075.33	30	13.33	0
279	pixel	159	158	2727.00	1004.33	29	13.33	0
280	pixel	159	159	2623.00	991.33	30	13.33	0
281	pixel	159	160	2763.00	848.33	30	13.33	0
282	pixel	159	161	2512.00	742.33	30	13.33	0
283	pixel	159	162	2699.00	757.33	29	13.33	0
284	pixel	159	163	2892.00	864.33	29	13.33	0
285	pixel	159	164	2782.00	353.33	29	13.33	0
286	pixel	159	165	2648.00	319.33	30	13.33	0
287	pixel	159	166	1183.00	1589	29	13.33	0
288	pixel	159	167	1106.00	1688	30	13.33	0
289	pixel	159	168	2155.00	2000	29	13.33	0
290	pixel	159	169	2146.00	2062	30	13.33	0
291	pixel	159	170	2660.00	1934	30	13.33	0
292	pixel	159	171	2723.00	1890	29	13.33	0
293	pixel	159	172	1249.00	860	31	13.33	0
294	pixel	159	173	1076.00	656	32	13.33	0
295	pixel	159	174	1529.00	574	31	13.33	0
296	pixel	159	175	1362.00	368	32	13.33	0
297	pixel	159	176	2768.00	670	31	13.33	0
298	pixel	159	177	2589.00	420	32	13.33	0
299	pixel	159	178	2037.00	167	32	13.33	0
300	pixel	159	179	2232.00	392.67	31	13.33	0
301	pixel	159	180	2851.00	1212.67	31	13.33	0
302	pixel	159	181	2691.00	987.67	32	13.33	0
303	pixel	159	182	1233.00	1520.67	31	13.33	0
304	pixel	159	183	1139.00	1376.67	32	13.33	0
305	pixel	159	184	1915.00	1167.67	32	13.33	0
306	pixel	159	185	2051.00	1362.67	31	13.33	0
307	pixel	159	186	1179.00	2291.67	31	13.33	0
308	pixel	159	187	1060.00	2238.67	32	13.33	0
309	pixel	159	188	1418.00	1333.67	31	13.33	0
310	pixel	159	189	1203.00	1164.67	32	13.33	0
311	pixel	159	190	1181.00	745.67	33	13.33	0
312	pixel	159	191	1087.00	638.67	34	13.33	0
313	pixel	159	192	2632.00	745.67	33	13.33	0
314	pixel	159	193	2569.00	625.67	34	13.33	0
315	pixel	159	194	2673.00	988.67	34	13.33	0
316	pixel	159	195	2683.00	1111.67	33	13.33	0
317	pixel	159	196	1119.00	1599.67	33	13.33	0
318	pixel	159	197	1075.00	1509.67	34	13.33	0
319	pixel	159	198	2747.00	2051.67	33	13.33	0
320	pixel	159	199	2768.00	1905.67	34	13.33	0
321	pixel	159	200	1097.00	2175.67	33	13.33	0
322	pixel	159	201	1116.00	2084.67	34	13.33	0
323	pixel	159	202	1223.00	1887.67	33	13.33	0
324	pixel	159	203	1211.00	1771.67	34	13.33	0
325	pixel	159	204	2202.00	798.67	35	13.33	0
326	pixel	159	205	2119.00	724.67	36	13.33	0
327	pixel	159	206	1774.00	436.67	36	13.33	0
328	pixel	159	207	1921.00	541.67	35	13.33	0
329	pixel	159	208	1195.00	720.67	35	13.33	0
330	pixel	159	209	1086.00	624.67	36	13.33	0
331	pixel	159	210	1190.00	356.67	35	13.33	0
332	pixel	159	211	1050.00	222.67	36	13.33	0
333	pixel	159	212	1525.00	1338.67	35	13.33	0
334	pixel	159	213	1414.00	1257.67	36	13.33	0
335	pixel	159	214	1721.00	1305.67	35	13.33	0
336	pixel	159	215	1615.00	1237.67	36	13.33	0
337	pixel	159	216	2057.00	473.67	37	13.33	0
338	pixel	159	217	2064.00	407.67	38	13.33	0
339	pixel	159	218	1935.00	676.67	37	13.33	0
340	pixel	159	219	1975.00	635.67	38	13.33	0
341	pixel	159	220	2281.00	1160.67	38	13.33	0
342	pixel	159	221	2389.00	935.67	38	13.33	0
343	pixel	159	222	2463.00	1148.67	38	13.33	0
344	pixel	159	223	2422.00	1151.67	37	13.33	0
345	pixel	159	224	2377.00	981.67	37	13.33	0
346	pixel	159	225	2230.00	1179.67	37	13.33	0
347	pixel	159	226	2130.00	1266.67	37	13.33	0
348	pixel	159	227	2206.00	1268.67	38	13.33	0
349	pixel	159	228	2070.00	1650.67	37	13.33	0
350	pixel	159	229	2157.00	1664.67	38	13.33	0
351	pixel	159	230	2765.00	1632.67	38	13.33	0
352	pixel	159	231	2680.00	1634.67	37	13.33	0
353	pixel	159	232	2574.00	2145.67	37	13.33	0
354	pixel	159	233	2668.00	2161.67	38	13.33	0
355	pixel	159	234	2399.00	981.67	39	13.33	0
356	pixel	159	235	2385.00	984.67	40	13.33	0
357	pixel	159	236	2504.00	1809.67	39	13.33	0
358	pixel	159	237	2497.00	1827.67	40	13.33	0
359	pixel	159	238	2727.00	1376.67	39	13.33	0
360	pixel	159	239	2737.00	1389.67	40	13.33	0
361	pixel	159	240	1322.00	1959.67	39	13.33	0
362	pixel	159	241	1304.00	1948.67	40	13.33	0
363	pixel	159	242	1395.00	2234.67	39	13.33	0
364	pixel	159	243	1419.00	2272.67	40	13.33	0
365	pixel	159	244	1738.00	2110.67	39	13.33	0
366	pixel	159	245	1768.00	2146.67	40	13.33	0
367	pixel	159	246	1025.00	2253.67	39	13.33	0
368	pixel	159	247	1051.00	2302.67	40	13.33	0
369	pixel	159	248	2675.00	299.67	39	13.33	0
370	pixel	159	249	2627.00	286.67	40	13.33	0
371	pixel	159	250	1363.00	766.67	41	13.33	0
372	pixel	159	251	1683.00	1035.67	42	13.33	0
373	pixel	159	252	1734.00	380.67	41	13.33	0
374	pixel	159	253	2048.00	627.67	42	13.33	0
375	pixel	159	254	1060.00	1350.67	41	13.33	0
376	pixel	159	255	1355.00	1631.67	42	13.33	0
377	pixel	159	256	1043.00	1541.67	41	13.33	0
378	pixel	159	257	1320.00	1791.67	42	13.33	0
379	pixel	159	258	1486.00	1197.67	41	13.33	0
380	pixel	159	259	1852.00	1462.67	42	13.33	0
381	pixel	159	260	1116.00	2006.67	41	13.33	0
382	pixel	159	261	1417.00	2317.67	42	13.33	0
383	pixel	159	262	1902.00	2159.67	41	13.33	0
384	pixel	159	263	2228.00	2450.67	42	13.33	0
385	pixel	162	1	1611.00	1579.00	5	13.33	0
386	pixel	162	2	1501.67	1610.67	6	13.33	0
387	pixel	162	3	1575.33	1275.67	7	13.33	0
388	pixel	162	4	1518.33	1415.33	8	13.33	0
389	pixel	162	5	1253.33	1115.33	7	13.33	0
390	pixel	162	6	1170.00	1248.00	8	13.33	0
391	pixel	162	7	2292.67	285.00	7	13.33	0
392	pixel	162	8	2189.67	360.67	8	13.33	0
393	pixel	162	9	2596.67	1463.67	9	13.33	0
394	pixel	162	10	2554.67	1299.67	10	13.33	0
395	pixel	162	11	2585.67	714.67	13	13.33	0
396	pixel	162	12	2343.67	662.67	14	13.33	0
397	pixel	162	13	1725.67	1663.67	14	13.33	0
398	pixel	162	14	1985.67	1688.67	13	13.33	0
399	pixel	162	15	2168.67	2133.67	13	13.33	0
400	pixel	162	16	1911.67	2060.67	14	13.33	0
401	pixel	162	17	1931.67	1073.67	17	13.33	0
402	pixel	162	18	1742.67	613.67	18	13.33	0
403	pixel	162	19	2749.67	714.67	18	13.33	0
404	pixel	162	20	2869.67	1293.67	17	13.33	0
405	pixel	162	21	1758.67	1570.67	19	13.33	0
406	pixel	162	22	1780.67	1545.67	20	13.33	0
407	pixel	162	23	1916.67	1628.67	22	13.33	0
408	pixel	162	24	2085.67	1730.67	21	13.33	0
409	pixel	162	25	1745.67	1546.67	25	13.33	0
410	pixel	162	26	1714.67	1628.67	26	13.33	0
411	pixel	162	27	2431.67	540.67	29	13.33	0
412	pixel	162	28	2300.67	500.67	30	13.33	0
413	pixel	162	29	2046.67	1578.67	29	13.33	0
414	pixel	162	30	1965.67	1632.67	30	13.33	0
415	pixel	162	31	1112.67	547.67	30	13.33	0
416	pixel	162	32	1269.33	509.67	29	13.33	0
417	pixel	162	33	1548.33	2023.67	35	13.33	0
418	pixel	162	34	1485.33	1997.67	36	13.33	0
419	pixel	162	35	2130.33	2067.67	37	13.33	0
420	pixel	162	36	2216.33	2091.67	38	13.33	0
421	pixel	162	37	1716.33	1822.67	42	13.33	0
422	pixel	162	38	1395.33	1550.67	41	13.33	0
423	pixel	162	39	2672.33	2158.67	41	13.33	0
424	pixel	162	40	2999.33	2473.67	42	13.33	0
425	pixel	165	1	1459.00	758	5	13.33	0
426	pixel	165	2	1445.67	1520.67	5	13.33	0
427	pixel	165	3	1290.33	1597.67	6	13.33	0
428	pixel	165	4	1900.00	1045.67	17	13.33	0
429	pixel	165	5	2549	423.67	22	13.33	0
430	pixel	165	6	2532	774.33	24	13.33	0
431	pixel	165	7	2663	1846.33	23	13.33	0
432	pixel	165	8	2309	1428.33	24	13.33	0
433	pixel	165	9	1050.00	551.33	27	13.33	0
434	pixel	165	10	1592.67	2033.33	28	13.33	0
435	pixel	165	11	1497.67	2090.33	27	13.33	0
436	pixel	165	12	1155.67	1547.33	30	13.33	0
437	pixel	165	13	1411.67	1651.33	30	13.33	0
438	pixel	165	14	1310.67	1446.33	33	13.33	0
439	pixel	165	15	2691.67	2290.33	34	13.33	0
440	pixel	165	16	2536.67	556.33	36	13.33	0
441	pixel	165	17	1456.67	1345.33	35	13.33	0
442	pixel	165	18	1558.67	823.33	40	13.33	0
443	pixel	165	19	2232.67	424.33	42	13.33	0
444	pixel	165	20	592.67	1447.33	44	13.33	0
