 	units	id	index	x	y	z	radius	name-id
1	pixel	65	1	2239	1028	2	13.33	0
2	pixel	65	2	1085.67	525.67	5	13.33	0
3	pixel	65	3	1148.33	2135.33	8	13.33	0
4	pixel	65	4	1579.33	1080.33	11	13.33	0
5	pixel	68	1	1443.00	562	1	13.33	0
6	pixel	68	2	1861.67	1832.67	1	13.33	0
7	pixel	68	3	1103.67	1734.67	2	13.33	0
8	pixel	68	4	1683.33	1527.67	2	13.33	0
9	pixel	68	5	1861.33	1428.67	1	13.33	0
10	pixel	68	6	2309.33	1447.67	1	13.33	0
11	pixel	68	7	2401.33	1905.67	1	13.33	0
12	pixel	68	8	1714.33	1005.67	1	13.33	0
13	pixel	68	9	1395.33	2202.67	1	13.33	0
14	pixel	68	10	1995.33	1286.67	4	13.33	0
15	pixel	68	11	1390.33	976.67	4	13.33	0
16	pixel	68	12	2084.33	716.67	4	13.33	0
17	pixel	68	13	2703.33	867.67	3	13.33	0
18	pixel	68	14	1956.33	2081.67	4	13.33	0
19	pixel	68	15	1699.33	1700.67	4	13.33	0
20	pixel	68	16	2571.33	1464.67	4	13.33	0
21	pixel	68	17	1857.33	2157.67	3	13.33	0
22	pixel	68	18	2912.33	352.67	4	13.33	0
23	pixel	68	19	2107.33	832.33	6	13.33	0
24	pixel	68	20	1750.33	560.33	6	13.33	0
25	pixel	68	21	2360.33	709.33	6	13.33	0
26	pixel	68	22	2483.33	334.33	5	13.33	0
27	pixel	68	23	1677.33	2026	5	13.33	0
28	pixel	68	24	2491.33	1682	5	13.33	0
29	pixel	68	25	2465.33	1791	5	13.33	0
30	pixel	68	26	1546.33	2112	6	13.33	0
31	pixel	68	27	1758.33	597	7	13.33	0
32	pixel	68	28	2662.33	1761	7	13.33	0
33	pixel	68	29	1764.33	1201	10	13.33	0
34	pixel	68	30	2695.33	1601	9	13.33	0
35	pixel	68	31	1075.33	2000	9	13.33	0
36	pixel	68	32	1922.00	1076	9	13.33	0
37	pixel	68	33	2399	1408	9	13.33	0
38	pixel	68	34	1419.00	1178	12	13.33	0
39	pixel	68	35	1356.00	1374	12	13.33	0
40	pixel	68	36	2869	905	12	13.33	0
41	pixel	68	37	2432	1833	12	13.33	0
42	pixel	68	38	2793	1749	12	13.33	0
43	pixel	68	39	1382.00	1502	11	13.33	0
44	pixel	68	40	1251.00	669	13	13.33	0
45	pixel	68	41	1192.00	875	14	13.33	0
46	pixel	68	42	2619	512.00	13	13.33	0
47	pixel	68	43	2961	358.00	14	13.33	0
48	pixel	68	44	1709.00	2083	14	13.33	0
49	pixel	68	45	1703.00	2160	13	13.33	0
50	pixel	68	46	2369	2260	13	13.33	0
51	pixel	68	47	2399	2188	14	13.33	0
52	pixel	71	1	1181.00	1284.00	1	13.33	0
53	pixel	71	2	1148.67	1371.67	2	13.33	0
54	pixel	71	3	2182.33	1692.67	2	13.33	0
55	pixel	71	4	2241.33	1667.67	1	13.33	0
56	pixel	71	5	1127.33	1505.67	1	13.33	0
57	pixel	71	6	1048.00	1611.67	2	13.33	0
58	pixel	71	7	1699.67	1382.67	2	13.33	0
59	pixel	71	8	1728.67	1280.67	1	13.33	0
60	pixel	71	9	1042.67	2024.33	1	13.33	0
61	pixel	71	10	1027.33	2136.33	2	13.33	0
62	pixel	71	11	2735.00	2144.33	1	13.33	0
63	pixel	71	12	2635.00	2151.33	2	13.33	0
64	pixel	71	13	2895.00	1797.33	1	13.33	0
65	pixel	71	14	2832.00	1776.33	2	13.33	0
66	pixel	71	15	1574.00	1040.33	3	13.33	0
67	pixel	71	16	1574.00	1144.00	4	13.33	0
68	pixel	71	17	2050.00	1004.00	3	13.33	0
69	pixel	71	18	2018.00	1068.67	4	13.33	0
70	pixel	71	19	2310.00	1300.67	4	13.33	0
71	pixel	71	20	2335.00	1243.67	3	13.33	0
72	pixel	71	21	1255.00	517.67	3	13.33	0
73	pixel	71	22	1260.00	636.33	4	13.33	0
74	pixel	71	23	1879.00	466.33	3	13.33	0
75	pixel	71	24	1890.00	400.00	4	13.33	0
76	pixel	71	25	1593.00	1345.67	3	13.33	0
77	pixel	71	26	1608.00	1450.67	4	13.33	0
78	pixel	71	27	2612.00	776.67	3	13.33	0
79	pixel	71	28	2591.00	836.67	4	13.33	0
80	pixel	71	29	2727.00	540.67	3	13.33	0
81	pixel	71	30	2717.00	568.67	4	13.33	0
82	pixel	71	31	2703.00	286.67	3	13.33	0
83	pixel	71	32	2628.00	390.33	4	13.33	0
84	pixel	71	33	2412.00	447.33	4	13.33	0
85	pixel	71	34	2394.00	387.33	3	13.33	0
86	pixel	71	35	2566.00	1035.33	3	13.33	0
87	pixel	71	36	2564.00	1127.33	4	13.33	0
88	pixel	71	37	2507.00	2057.33	3	13.33	0
89	pixel	71	38	2528.00	2171.33	4	13.33	0
90	pixel	71	39	2273.00	1500.33	3	13.33	0
91	pixel	71	40	2239.00	1605.33	4	13.33	0
92	pixel	71	41	1050.00	1446.33	3	13.33	0
93	pixel	71	42	1052.00	1595.33	4	13.33	0
94	pixel	71	43	1435.00	2185.33	3	13.33	0
95	pixel	71	44	1450.00	2201.33	4	13.33	0
96	pixel	71	45	1893.00	2280.33	3	13.33	0
97	pixel	71	46	1872.00	2401.33	4	13.33	0
98	pixel	71	47	2944.00	486.33	4	13.33	0
99	pixel	71	48	2960.00	429.33	3	13.33	0
100	pixel	71	49	1330.00	1096.33	5	13.33	0
101	pixel	71	50	1426.00	1161.33	6	13.33	0
102	pixel	71	51	1155.00	970.33	6	13.33	0
103	pixel	71	52	1074.00	892.33	5	13.33	0
104	pixel	71	53	1767.00	1365.33	6	13.33	0
105	pixel	71	54	1709.00	1284.33	5	13.33	0
106	pixel	71	55	2296.00	924.33	5	13.33	0
107	pixel	71	56	2352.00	932.33	6	13.33	0
108	pixel	71	57	1755.00	638.33	6	13.33	0
109	pixel	71	58	1680.00	615.33	5	13.33	0
110	pixel	71	59	1826.00	296.33	5	13.33	0
111	pixel	71	60	1926.00	342.33	6	13.33	0
112	pixel	71	61	2122.00	578.33	6	13.33	0
113	pixel	71	62	2045.00	548.33	5	13.33	0
114	pixel	71	63	2413.00	847.33	5	13.33	0
115	pixel	71	64	2472.00	854.33	6	13.33	0
116	pixel	71	65	2432.00	1909.33	5	13.33	0
117	pixel	71	66	2444.00	1914.33	6	13.33	0
118	pixel	71	67	1060.00	2184.33	5	13.33	0
119	pixel	71	68	1126.00	2273.33	6	13.33	0
120	pixel	71	69	1283.00	584.33	7	13.33	0
121	pixel	71	70	1264.00	484.33	8	13.33	0
122	pixel	71	71	2137.00	612.33	7	13.33	0
123	pixel	71	72	2060.00	470.33	8	13.33	0
124	pixel	71	73	1114.00	887.33	7	13.33	0
125	pixel	71	74	1104.00	840.33	8	13.33	0
126	pixel	71	75	1228.00	1029.33	8	13.33	0
127	pixel	71	76	1231.00	1100.33	7	13.33	0
128	pixel	71	77	2034.00	1271.33	7	13.33	0
129	pixel	71	78	2051.00	1229.33	8	13.33	0
130	pixel	71	79	2646.00	550.33	7	13.33	0
131	pixel	71	80	2605.00	408.33	8	13.33	0
132	pixel	71	81	1565.00	1503.33	7	13.33	0
133	pixel	71	82	1539.00	1451.33	8	13.33	0
134	pixel	71	83	2212.00	1937.33	8	13.33	0
135	pixel	71	84	2219.00	1971.33	7	13.33	0
136	pixel	71	85	1823.00	2209.33	7	13.33	0
137	pixel	71	86	1831.00	2186.33	8	13.33	0
138	pixel	71	87	1747.00	1905.33	7	13.33	0
139	pixel	71	88	1707.00	1847.33	8	13.33	0
140	pixel	71	89	1442.00	431.33	9	13.33	0
141	pixel	71	90	1604.00	519.33	10	13.33	0
142	pixel	71	91	1777.00	314.33	9	13.33	0
143	pixel	71	92	1946.00	389.33	10	13.33	0
144	pixel	71	93	1406.00	1406.33	9	13.33	0
145	pixel	71	94	1564.00	1522.33	10	13.33	0
146	pixel	71	95	2471.00	1828.33	9	13.33	0
147	pixel	71	96	2674.00	1937.33	10	13.33	0
148	pixel	71	97	1881.00	2021.33	9	13.33	0
149	pixel	71	98	2018.00	2141.33	10	13.33	0
150	pixel	71	99	2515.00	2100.33	9	13.33	0
151	pixel	71	100	2679.00	2172.33	10	13.33	0
152	pixel	71	101	1083.00	224.33	9	13.33	0
153	pixel	71	102	1278.00	355.00	10	13.33	0
154	pixel	71	103	1543.00	542.00	11	13.33	0
155	pixel	71	104	1313.00	596.00	11	13.33	0
156	pixel	71	105	1188.00	875.00	12	13.33	0
157	pixel	71	106	1457.00	771.00	12	13.33	0
158	pixel	71	107	1207.00	326.00	11	13.33	0
159	pixel	71	108	1125.00	580.00	12	13.33	0
160	pixel	71	109	1998.00	964.00	11	13.33	0
161	pixel	71	110	2537.00	1051.00	11	13.33	0
162	pixel	71	111	2385.00	1240.00	12	13.33	0
163	pixel	71	112	1735.00	1059.00	11	13.33	0
164	pixel	71	113	1617.00	1300.00	12	13.33	0
165	pixel	71	114	1871.00	1177.00	12	13.33	0
166	pixel	71	115	2974.00	1064.00	11	13.33	0
167	pixel	71	116	2814.00	1271.00	12	13.33	0
168	pixel	71	117	2582.00	728.00	11	13.33	0
169	pixel	71	118	2413.00	915.00	12	13.33	0
170	pixel	71	119	2296.00	791.00	12	13.33	0
171	pixel	71	120	2428.00	553.00	11	13.33	0
172	pixel	71	121	1139.00	1836.00	11	13.33	0
173	pixel	71	122	1063.00	2114.00	12	13.33	0
174	pixel	71	123	2207.00	1877.00	11	13.33	0
175	pixel	71	124	2108.00	2104.00	12	13.33	0
176	pixel	71	125	2555.00	1496.00	11	13.33	0
177	pixel	71	126	2427.00	1701.00	12	13.33	0
178	pixel	71	127	1774.00	544.00	13	13.33	0
179	pixel	71	128	1826.00	730.00	14	13.33	0
180	pixel	71	129	2210.00	757.00	13	13.33	0
181	pixel	71	130	2273.00	929.00	14	13.33	0
182	pixel	71	131	1750.00	1130.00	14	13.33	0
183	pixel	71	132	1635.00	919.00	13	13.33	0
184	pixel	71	133	2525.00	557.00	14	13.33	0
185	pixel	71	134	2422.00	368.00	13	13.33	0
186	pixel	71	135	2672.00	1063.00	13	13.33	0
187	pixel	71	136	2702.00	1266.00	14	13.33	0
188	pixel	71	137	2561.00	2278.00	14	13.33	0
189	pixel	71	138	2429.00	2045.00	13	13.33	0
190	pixel	74	1	1392.00	1683.00	3	13.33	0
191	pixel	74	2	1373.67	1800.67	4	13.33	0
192	pixel	74	3	1760.33	1561.67	5	13.33	0
193	pixel	74	4	1664.33	1627.33	6	13.33	0
194	pixel	74	5	1864.33	2218.33	6	13.33	0
195	pixel	74	6	1833.33	2149.33	5	13.33	0
196	pixel	74	7	1131.33	1290.33	10	13.33	0
197	pixel	74	8	916.00	1154.00	9	13.33	0
198	pixel	74	9	2219.67	406.67	9	13.33	0
199	pixel	74	10	2397.67	456.33	10	13.33	0
200	pixel	74	11	1922.67	846.33	14	13.33	0
201	pixel	74	12	1839.67	649.33	13	13.33	0
202	pixel	77	1	1843.00	1880	2	13.33	0
203	pixel	77	2	1723.67	2024.67	1	13.33	0
204	pixel	77	3	2501.33	1370.67	1	13.33	0
205	pixel	77	4	2519.33	1981.33	2	13.33	0
206	pixel	77	5	1313.33	867.33	4	13.33	0
207	pixel	77	6	2586	778.00	5	13.33	0
208	pixel	77	7	2519	864.67	7	13.33	0
209	pixel	77	8	3166	1932.67	7	13.33	0
210	pixel	77	9	2737	426.67	10	13.33	0
211	pixel	77	10	2432	1392.33	9	13.33	0
