 	units	id	index	x	y	z	radius	name-id
1	pixel	80	1	1871.00	1841.00	4	13.33	0
2	pixel	80	2	1322.67	1419.67	10	13.33	0
3	pixel	80	3	1618.33	1085.33	12	13.33	0
4	pixel	80	4	2422.33	1323.00	11	13.33	0
5	pixel	80	5	1489.33	1641.00	16	13.33	0
6	pixel	80	6	2340.33	1255.00	19	13.33	0
7	pixel	80	7	1544.33	1920.00	20	13.33	0
8	pixel	83	1	1686.67	1369.67	1	13.33	0
9	pixel	83	2	2154.33	2225.67	2	13.33	0
10	pixel	83	3	1003.33	2191.67	1	13.33	0
11	pixel	83	4	2089	426.33	4	13.33	0
12	pixel	83	5	1340	761	4	13.33	0
13	pixel	83	6	2197	1847	3	13.33	0
14	pixel	83	7	1055	1521	4	13.33	0
15	pixel	83	8	1079	1795	4	13.33	0
16	pixel	83	9	1765	1312	5	13.33	0
17	pixel	83	10	1482	1257	5	13.33	0
18	pixel	83	11	2294	836	5	13.33	0
19	pixel	83	12	2963	665	5	13.33	0
20	pixel	83	13	1842	1670	6	13.33	0
21	pixel	83	14	1282	1915	5	13.33	0
22	pixel	83	15	2486	2178	6	13.33	0
23	pixel	83	16	2041	1811	5	13.33	0
24	pixel	83	17	2547	1921	6	13.33	0
25	pixel	83	18	2298	443.00	5	13.33	0
26	pixel	83	19	1614	483	6	13.33	0
27	pixel	83	20	2638	1196	8	13.33	0
28	pixel	83	21	1826	1341	7	13.33	0
29	pixel	83	22	1204	1793	7	13.33	0
30	pixel	83	23	2251	1621	8	13.33	0
31	pixel	83	24	2468	1977	7	13.33	0
32	pixel	83	25	2902	1950	8	13.33	0
33	pixel	83	26	1609	560	9	13.33	0
34	pixel	83	27	1816	955	9	13.33	0
35	pixel	83	28	1115	920	10	13.33	0
36	pixel	83	29	2641	644	9	13.33	0
37	pixel	83	30	2326	527	9	13.33	0
38	pixel	83	31	1037	1923	10	13.33	0
39	pixel	83	32	1263	2037	10	13.33	0
40	pixel	83	33	2275	1556	9	13.33	0
41	pixel	83	34	1579	1653	9	13.33	0
42	pixel	83	35	2424	2208	9	13.33	0
43	pixel	83	36	1485	549	10	13.33	0
44	pixel	83	37	2476	655	11	13.33	0
45	pixel	83	38	2151	1818	12	13.33	0
46	pixel	83	39	2135	1753	11	13.33	0
47	pixel	83	40	1125	2045	11	13.33	0
48	pixel	83	41	2696	1604	12	13.33	0
49	pixel	83	42	2574	1992	11	13.33	0
50	pixel	83	43	1525	2093	12	13.33	0
51	pixel	83	44	1246	405.00	13	13.33	0
52	pixel	83	45	2119	664.67	13	13.33	0
53	pixel	83	46	1192	794.67	16	13.33	0
54	pixel	83	47	1375	1136.67	15	13.33	0
55	pixel	83	48	1520	1423.67	15	13.33	0
56	pixel	83	49	1350	1560.67	15	13.33	0
57	pixel	83	50	1570	1983.67	16	13.33	0
58	pixel	83	51	1867	1847.67	16	13.33	0
59	pixel	83	52	2088	1983.67	16	13.33	0
60	pixel	83	53	1193	740.67	17	13.33	0
61	pixel	83	54	1061	1157.67	18	13.33	0
62	pixel	83	55	1904	541.67	18	13.33	0
63	pixel	83	56	1719	699.67	18	13.33	0
64	pixel	83	57	1160	955.67	18	13.33	0
65	pixel	83	58	2041	1163.67	18	13.33	0
66	pixel	83	59	2521	844.67	17	13.33	0
67	pixel	83	60	2513	1267.67	17	13.33	0
68	pixel	83	61	1924	1903.67	18	13.33	0
69	pixel	83	62	2091	1772.67	17	13.33	0
70	pixel	83	63	2399	1583.67	17	13.33	0
71	pixel	83	64	2084	1976.67	17	13.33	0
72	pixel	83	65	2662	2144.67	18	13.33	0
73	pixel	83	66	1908	1216.67	19	13.33	0
74	pixel	83	67	1940	592.67	20	13.33	0
75	pixel	83	68	2532	2003.67	19	13.33	0
76	pixel	83	69	1973	2068.67	19	13.33	0
77	pixel	86	1	1295.00	826.00	1	13.33	0
78	pixel	86	2	1299.67	688.67	2	13.33	0
79	pixel	86	3	1215.67	646.33	1	13.33	0
80	pixel	86	4	1175.33	533.00	2	13.33	0
81	pixel	86	5	1949.00	427.67	1	13.33	0
82	pixel	86	6	1861.00	285.33	2	13.33	0
83	pixel	86	7	1419.00	1535	1	13.33	0
84	pixel	86	8	1507.00	1483	2	13.33	0
85	pixel	86	9	2124	649.00	2	13.33	0
86	pixel	86	10	2132	750.00	1	13.33	0
87	pixel	86	11	1260.00	416.00	3	13.33	0
88	pixel	86	12	1319.00	429.00	4	13.33	0
89	pixel	86	13	1410.00	1097	4	13.33	0
90	pixel	86	14	1270.00	1089	3	13.33	0
91	pixel	86	15	1780.00	736.00	3	13.33	0
92	pixel	86	16	1890.00	729.00	4	13.33	0
93	pixel	86	17	1404.00	1401	4	13.33	0
94	pixel	86	18	1195.00	1386	3	13.33	0
95	pixel	86	19	1863.00	1485	3	13.33	0
96	pixel	86	20	2071	1515	4	13.33	0
97	pixel	86	21	2764	1862	3	13.33	0
98	pixel	86	22	3064.00	1895	4	13.33	0
99	pixel	86	23	1591.00	365.00	5	13.33	0
100	pixel	86	24	1543.00	364.00	6	13.33	0
101	pixel	86	25	1894.00	445.00	6	13.33	0
102	pixel	86	26	1925.00	448.00	5	13.33	0
103	pixel	86	27	1947.00	641.00	5	13.33	0
104	pixel	86	28	1975	625.00	6	13.33	0
105	pixel	86	29	1546.00	1166	6	13.33	0
106	pixel	86	30	1489.00	1140	5	13.33	0
107	pixel	86	31	1598.00	872.00	6	13.33	0
108	pixel	86	32	1591.00	849.00	5	13.33	0
109	pixel	86	33	1621.00	1342	5	13.33	0
110	pixel	86	34	1705.00	1361	6	13.33	0
111	pixel	86	35	1183.00	1337	5	13.33	0
112	pixel	86	36	1261.00	1364	6	13.33	0
113	pixel	86	37	2340	1182	5	13.33	0
114	pixel	86	38	2463	1176	6	13.33	0
115	pixel	86	39	945.00	1909	5	13.33	0
116	pixel	86	40	1085.67	1958	6	13.33	0
117	pixel	86	41	1335.67	845.00	7	13.33	0
118	pixel	86	42	1201.67	925.00	8	13.33	0
119	pixel	86	43	2297.67	741.00	7	13.33	0
120	pixel	86	44	2194.67	745.00	8	13.33	0
121	pixel	86	45	1830.67	1193	8	13.33	0
122	pixel	86	46	1893.67	1123	7	13.33	0
123	pixel	86	47	1269.67	544.00	7	13.33	0
124	pixel	86	48	1135.67	589.00	8	13.33	0
125	pixel	86	49	2572.67	1045	8	13.33	0
126	pixel	86	50	2685.67	1013.00	7	13.33	0
127	pixel	86	51	2327.67	1821	7	13.33	0
128	pixel	86	52	2378.67	1914	8	13.33	0
129	pixel	86	53	2338.67	1316	8	13.33	0
130	pixel	86	54	2387.67	1290	7	13.33	0
131	pixel	86	55	1903.67	2031	7	13.33	0
132	pixel	86	56	1921.67	2133	8	13.33	0
133	pixel	86	57	2336.67	2165	8	13.33	0
134	pixel	86	58	2276.67	2122	7	13.33	0
135	pixel	86	59	2745.67	2070	7	13.33	0
136	pixel	86	60	2782.67	2086	8	13.33	0
137	pixel	86	61	1686.67	1177	10	13.33	0
138	pixel	86	62	1631.67	1257	9	13.33	0
139	pixel	86	63	1165.67	1327	9	13.33	0
140	pixel	86	64	1238.67	1261	10	13.33	0
141	pixel	86	65	1253.67	1849	9	13.33	0
142	pixel	86	66	1348.67	1757	10	13.33	0
143	pixel	86	67	1638.67	544.00	11	13.33	0
144	pixel	86	68	1916.67	520.00	11	13.33	0
145	pixel	86	69	1965.67	528.00	12	13.33	0
146	pixel	86	70	1678.67	585.00	12	13.33	0
147	pixel	86	71	1505.67	1131	12	13.33	0
148	pixel	86	72	1441.67	1066	11	13.33	0
149	pixel	86	73	2378.67	1137	12	13.33	0
150	pixel	86	74	2270.67	1135	11	13.33	0
151	pixel	86	75	1380.67	1239	11	13.33	0
152	pixel	86	76	1462.67	1276	12	13.33	0
153	pixel	86	77	1081.67	1359	12	13.33	0
154	pixel	86	78	1012.67	1292	11	13.33	0
155	pixel	86	79	1858.67	1383	11	13.33	0
156	pixel	86	80	1949.67	1368	12	13.33	0
157	pixel	86	81	1313.67	1595	11	13.33	0
158	pixel	86	82	1428.67	1632	12	13.33	0
159	pixel	86	83	2346.67	2033	11	13.33	0
160	pixel	86	84	2586.67	2037	12	13.33	0
161	pixel	86	85	809.67	2127	11	13.33	0
162	pixel	86	86	950.33	2162	12	13.33	0
163	pixel	86	87	1262.33	789.00	13	13.33	0
164	pixel	86	88	1239.33	872.00	14	13.33	0
165	pixel	86	89	1691.33	889.00	14	13.33	0
166	pixel	86	90	1690.33	809.00	13	13.33	0
167	pixel	86	91	2602.33	1288	14	13.33	0
168	pixel	86	92	2546.33	1180	13	13.33	0
169	pixel	86	93	1794.33	2026	13	13.33	0
170	pixel	86	94	1955.33	2167	14	13.33	0
171	pixel	86	95	1398.33	2131	13	13.33	0
172	pixel	86	96	1570.33	2313	14	13.33	0
173	pixel	86	97	1103.33	2273	13	13.33	0
174	pixel	86	98	1213.33	2425	14	13.33	0
175	pixel	86	99	2704.33	456.00	14	13.33	0
176	pixel	86	100	2760.33	375.00	13	13.33	0
177	pixel	86	101	1674.33	421.00	16	13.33	0
178	pixel	86	102	1825.33	529.00	15	13.33	0
179	pixel	86	103	2102.33	549.00	16	13.33	0
180	pixel	86	104	2194.33	629.00	15	13.33	0
181	pixel	86	105	2681.33	1094	15	13.33	0
182	pixel	86	106	2630.33	955.00	16	13.33	0
183	pixel	86	107	2611.33	580.00	16	13.33	0
184	pixel	86	108	2622.33	571.00	15	13.33	0
185	pixel	86	109	2847.33	489.00	16	13.33	0
186	pixel	86	110	2934.33	595.00	15	13.33	0
187	pixel	86	111	2137.33	1857	16	13.33	0
188	pixel	86	112	2067.33	1898	15	13.33	0
189	pixel	86	113	2419.33	1725	16	13.33	0
190	pixel	86	114	2334.33	1773	15	13.33	0
191	pixel	86	115	2723.33	1762	16	13.33	0
192	pixel	86	116	2618.33	1828	15	13.33	0
193	pixel	86	117	2684.33	1966	15	13.33	0
194	pixel	86	118	2739.33	1898	16	13.33	0
195	pixel	86	119	1498.33	1043	18	13.33	0
196	pixel	86	120	1556.33	957.00	17	13.33	0
197	pixel	86	121	2152.33	636.00	17	13.33	0
198	pixel	86	122	2075.33	724.00	18	13.33	0
199	pixel	86	123	1996.33	1209	17	13.33	0
200	pixel	86	124	1967.33	1318	18	13.33	0
201	pixel	86	125	1174.33	1570	17	13.33	0
202	pixel	86	126	1276.33	1743	18	13.33	0
203	pixel	86	127	1932.33	1705	18	13.33	0
204	pixel	86	128	1903.33	1597	17	13.33	0
205	pixel	86	129	1412.33	2187	18	13.33	0
206	pixel	86	130	1311.33	2066	17	13.33	0
207	pixel	86	131	2857.33	2131	17	13.33	0
208	pixel	86	132	3035.33	2258	18	13.33	0
209	pixel	86	133	2667.33	1141	19	13.33	0
210	pixel	86	134	2543.33	1033	20	13.33	0
211	pixel	86	135	2780.33	628.00	20	13.33	0
212	pixel	86	136	2956.33	689.00	19	13.33	0
213	pixel	86	137	1920.33	1629	19	13.33	0
214	pixel	86	138	1800.33	1610	20	13.33	0
215	pixel	86	139	2294.33	2136	19	13.33	0
216	pixel	86	140	2190.33	2132	20	13.33	0
217	pixel	86	141	2840.33	1744	20	13.33	0
218	pixel	86	142	2908.33	1832	19	13.33	0
219	pixel	86	143	2877.33	2116	20	13.33	0
220	pixel	86	144	2871.33	2184	19	13.33	0
221	pixel	89	1	2082	1065	1	13.33	0
222	pixel	89	2	2143.67	948.67	2	13.33	0
223	pixel	89	3	2935.67	1784.33	1	13.33	0
224	pixel	89	4	3063.67	1690.33	2	13.33	0
225	pixel	89	5	1996.67	896.33	5	13.33	0
226	pixel	89	6	1971.33	941	6	13.33	0
227	pixel	89	7	2019	859	8	13.33	0
228	pixel	89	8	2110	845.67	7	13.33	0
229	pixel	89	9	1219	1006.33	11	13.33	0
230	pixel	89	10	1286.67	1071.33	12	13.33	0
231	pixel	89	11	1593.67	1668.33	11	13.33	0
232	pixel	89	12	1749.67	1701.33	12	13.33	0
233	pixel	89	13	1846.67	1120.33	13	13.33	0
234	pixel	89	14	1842.67	1203.33	14	13.33	0
235	pixel	89	15	2827.67	1475.33	16	13.33	0
236	pixel	89	16	2816.67	1544.33	15	13.33	0
237	pixel	89	17	2686.67	1383.33	16	13.33	0
238	pixel	89	18	2664.67	1445.33	15	13.33	0
239	pixel	89	19	2923.67	436.33	17	13.33	0
240	pixel	89	20	2809.67	455.00	18	13.33	0
241	pixel	89	21	1140.67	1201	19	13.33	0
242	pixel	89	22	1025.33	1200	20	13.33	0
243	pixel	89	23	2602	773	19	13.33	0
244	pixel	89	24	2472	759	20	13.33	0
245	pixel	89	25	2016	1724	20	13.33	0
246	pixel	89	26	2065	1742	19	13.33	0
247	pixel	89	27	2581	1525	19	13.33	0
248	pixel	89	28	2473	1465	20	13.33	0
249	pixel	92	1	1040	992	1	13.33	0
250	pixel	92	2	2403.67	1240.67	3	13.33	0
251	pixel	92	3	2069.67	576.67	4	13.33	0
252	pixel	92	4	1542.67	1543.33	9	13.33	0
253	pixel	92	5	1545.67	1062.33	11	13.33	0
254	pixel	92	6	1818.67	1961.33	12	13.33	0
255	pixel	92	7	2693.67	1915.33	11	13.33	0
256	pixel	92	8	2682.67	2145.33	12	13.33	0
257	pixel	92	9	1437.67	976.33	14	13.33	0
258	pixel	92	10	1759.67	1669.33	14	13.33	0
259	pixel	92	11	2782.67	1493.33	14	13.33	0
260	pixel	92	12	2016.67	452.33	17	13.33	0
261	pixel	92	13	2699.67	1887	18	13.33	0
262	pixel	92	14	2592.67	1765	17	13.33	0
