 	units	id	index	x	y	z	radius	name-id
1	pixel	58	1	2728.67	756.67	1	13.33	0
2	pixel	58	2	2466.33	753.33	4	13.33	0
3	pixel	58	3	1213	1068	4	13.33	0
4	pixel	58	4	1566.67	848.00	5	13.33	0
5	pixel	58	5	2773.67	2222	5	13.33	0
6	pixel	58	6	1023.67	472.00	8	13.33	0
7	pixel	58	7	2175.33	1117.67	10	13.33	0
8	pixel	61	1	2586	1045	2	13.33	0
9	pixel	61	2	2911.67	969.67	2	13.33	0
10	pixel	61	3	2715.67	914.33	1	13.33	0
11	pixel	61	4	1457.67	1143	1	13.33	0
12	pixel	61	5	1673.33	1261	4	13.33	0
13	pixel	61	6	1990.33	1275	4	13.33	0
14	pixel	61	7	1644.33	619	3	13.33	0
15	pixel	61	8	2600.33	575.67	3	13.33	0
16	pixel	61	9	1593.33	1510.33	3	13.33	0
17	pixel	61	10	2066.33	1843.33	3	13.33	0
18	pixel	61	11	2169.33	890.33	6	13.33	0
19	pixel	61	12	1099.33	568.33	5	13.33	0
20	pixel	61	13	2694	458	6	13.33	0
21	pixel	61	14	2719	659.67	5	13.33	0
22	pixel	61	15	1631.00	1607.67	6	13.33	0
23	pixel	61	16	1097.00	1353.67	5	13.33	0
24	pixel	61	17	1858.67	1785.67	5	13.33	0
25	pixel	61	18	1493.67	2191.67	5	13.33	0
26	pixel	61	19	1054.67	1143.67	6	13.33	0
27	pixel	61	20	1369.33	922.67	8	13.33	0
28	pixel	61	21	2854.33	626.67	8	13.33	0
29	pixel	61	22	2769.33	876.67	8	13.33	0
30	pixel	61	23	2206.33	884.67	8	13.33	0
31	pixel	61	24	1215.33	1452.67	8	13.33	0
32	pixel	61	25	2141.33	1415.67	8	13.33	0
33	pixel	61	26	2496.33	2213.67	8	13.33	0
34	pixel	61	27	2330.33	1502.67	7	13.33	0
35	pixel	61	28	2642.33	2025.67	7	13.33	0
36	pixel	61	29	2698.33	2284.67	8	13.33	0
37	pixel	61	30	2589.33	1803.67	7	13.33	0
38	pixel	61	31	1609.33	568.67	9	13.33	0
39	pixel	61	32	2141.33	1636.67	9	13.33	0
40	pixel	61	33	2480.33	1757.67	10	13.33	0
41	pixel	61	34	2591.33	1343.67	9	13.33	0
42	pixel	64	1	1004	866.00	1	13.33	0
43	pixel	64	2	1122.67	733.67	2	13.33	0
44	pixel	64	3	1317.67	907.33	2	13.33	0
45	pixel	64	4	1160.67	1006.33	1	13.33	0
46	pixel	64	5	1387.67	1030.33	1	13.33	0
47	pixel	64	6	1544.67	875.33	2	13.33	0
48	pixel	64	7	1870.67	620.33	2	13.33	0
49	pixel	64	8	1766.67	835.00	1	13.33	0
50	pixel	64	9	1428.67	778.00	1	13.33	0
51	pixel	64	10	1538.67	550.00	2	13.33	0
52	pixel	64	11	2413.67	896.67	2	13.33	0
53	pixel	64	12	2260.67	1109.67	1	13.33	0
54	pixel	64	13	2288.67	1039.67	2	13.33	0
55	pixel	64	14	2123.67	1259.67	1	13.33	0
56	pixel	64	15	2519.67	1110.67	1	13.33	0
57	pixel	64	16	2654.67	881.67	2	13.33	0
58	pixel	64	17	2569.67	689.67	1	13.33	0
59	pixel	64	18	2669.67	442.67	2	13.33	0
60	pixel	64	19	1748.67	1595.33	1	13.33	0
61	pixel	64	20	1936.67	1442.33	2	13.33	0
62	pixel	64	21	2020.67	1645.33	2	13.33	0
63	pixel	64	22	1800.67	1788.33	1	13.33	0
64	pixel	64	23	2188.67	2034.33	1	13.33	0
65	pixel	64	24	2434.67	1858.33	2	13.33	0
66	pixel	64	25	1158.67	2114.33	1	13.33	0
67	pixel	64	26	1404.67	2041.33	2	13.33	0
68	pixel	64	27	1876.67	1986.33	2	13.33	0
69	pixel	64	28	1668.67	2102.33	1	13.33	0
70	pixel	64	29	1275.67	389.33	3	13.33	0
71	pixel	64	30	1440.67	537.00	4	13.33	0
72	pixel	64	31	1990.67	336.00	4	13.33	0
73	pixel	64	32	1847.67	258.67	3	13.33	0
74	pixel	64	33	2813.67	818.33	3	13.33	0
75	pixel	64	34	2995.67	792.33	4	13.33	0
76	pixel	64	35	2729.67	1084.33	4	13.33	0
77	pixel	64	36	2517.67	1042.33	3	13.33	0
78	pixel	64	37	1816.67	1937.33	4	13.33	0
79	pixel	64	38	1483.67	1774.33	3	13.33	0
80	pixel	64	39	2196.67	1711.33	3	13.33	0
81	pixel	64	40	2518.67	1824.33	4	13.33	0
82	pixel	64	41	2469.67	1847.33	3	13.33	0
83	pixel	64	42	2747.67	1937.33	4	13.33	0
84	pixel	64	43	3269.67	1979.33	4	13.33	0
85	pixel	64	44	2913.67	1934.33	3	13.33	0
86	pixel	64	45	1081.67	1921.33	3	13.33	0
87	pixel	64	46	1420.67	2099.33	4	13.33	0
88	pixel	64	47	2729.67	1011.33	5	13.33	0
89	pixel	64	48	2839.67	893.33	6	13.33	0
90	pixel	64	49	2765.67	981.33	6	13.33	0
91	pixel	64	50	2681.67	1103.33	5	13.33	0
92	pixel	64	51	1677.67	1430.33	6	13.33	0
93	pixel	64	52	1529.67	1409.33	5	13.33	0
94	pixel	64	53	2723.67	1430.33	5	13.33	0
95	pixel	64	54	2811.67	1366.33	5	13.33	0
96	pixel	64	55	2855.67	1574.33	5	13.33	0
97	pixel	64	56	2842.67	1272.33	6	13.33	0
98	pixel	64	57	2836.67	1351.33	6	13.33	0
99	pixel	64	58	2984.67	1530.33	6	13.33	0
100	pixel	64	59	2612.67	1752.33	6	13.33	0
101	pixel	64	60	2455.67	1810.33	5	13.33	0
102	pixel	64	61	1240.67	2191.33	5	13.33	0
103	pixel	64	62	1501.67	2248.33	6	13.33	0
104	pixel	64	63	1356.67	2192.33	6	13.33	0
105	pixel	64	64	1114.67	2114.33	5	13.33	0
106	pixel	64	65	1725.67	2004.33	6	13.33	0
107	pixel	64	66	1492.67	1966.33	5	13.33	0
108	pixel	64	67	1322.67	472.33	7	13.33	0
109	pixel	64	68	1451.67	536.33	8	13.33	0
110	pixel	64	69	2016.67	593.33	7	13.33	0
111	pixel	64	70	2135.67	611.33	8	13.33	0
112	pixel	64	71	2052.67	1266.33	7	13.33	0
113	pixel	64	72	2249.67	1291.33	8	13.33	0
114	pixel	64	73	2099.67	1776.33	8	13.33	0
115	pixel	64	74	1853.67	1737.33	7	13.33	0
116	pixel	64	75	2562.67	1845.33	8	13.33	0
117	pixel	64	76	2293.67	1854.33	7	13.33	0
118	pixel	64	77	2910.67	1822.33	7	13.33	0
119	pixel	64	78	3161.67	1756.33	8	13.33	0
120	pixel	64	79	1202.67	2134.33	7	13.33	0
121	pixel	64	80	1504.67	2268.33	8	13.33	0
122	pixel	64	81	1795.67	2244.33	8	13.33	0
123	pixel	64	82	1473.67	2170.33	7	13.33	0
124	pixel	64	83	2344.67	2248.33	8	13.33	0
125	pixel	64	84	2042.67	2180.33	7	13.33	0
126	pixel	64	85	2372.67	580.33	9	13.33	0
127	pixel	64	86	2152.67	565.33	10	13.33	0
128	pixel	64	87	2655.67	1145.33	9	13.33	0
129	pixel	64	88	2801.67	888.33	9	13.33	0
130	pixel	64	89	2526.67	1129.33	10	13.33	0
131	pixel	64	90	2640.67	851.33	10	13.33	0
132	pixel	64	91	2844.67	633.33	10	13.33	0
133	pixel	64	92	3045.67	713.33	9	13.33	0
134	pixel	64	93	2798.67	392.33	9	13.33	0
135	pixel	64	94	2560.67	351.33	10	13.33	0
136	pixel	64	95	2873.67	455.33	10	13.33	0
137	pixel	64	96	3065.67	515.33	9	13.33	0
138	pixel	64	97	2001.67	1765.33	9	13.33	0
139	pixel	64	98	1936.67	1814.33	10	13.33	0
140	pixel	64	99	1843.67	331.33	12	13.33	0
141	pixel	64	100	2063.67	85.33	11	13.33	0
142	pixel	67	1	1920.00	682.00	1	13.33	0
143	pixel	67	2	1998.67	466.67	2	13.33	0
144	pixel	67	3	2927.67	1135.33	1	13.33	0
145	pixel	67	4	3114.67	849.33	2	13.33	0
146	pixel	67	5	2751.67	536.33	2	13.33	0
147	pixel	67	6	2644.67	799.33	1	13.33	0
148	pixel	67	7	1366.67	1748.33	2	13.33	0
149	pixel	67	8	1125.33	1850.33	1	13.33	0
150	pixel	67	9	2180	1230.33	2	13.33	0
151	pixel	67	10	1996.00	1392.33	1	13.33	0
152	pixel	67	11	1540.00	1100.33	2	13.33	0
153	pixel	67	12	1379.00	1243.33	1	13.33	0
154	pixel	67	13	1040.00	235.33	3	13.33	0
155	pixel	67	14	1194.67	385.00	4	13.33	0
156	pixel	67	15	1128.67	1662	4	13.33	0
157	pixel	67	16	816.67	1450	3	13.33	0
158	pixel	67	17	1384.33	1608	4	13.33	0
159	pixel	67	18	1115.33	1415	3	13.33	0
160	pixel	67	19	1629.33	2244	3	13.33	0
161	pixel	67	20	2013.33	2432	4	13.33	0
162	pixel	67	21	2964.33	1685	6	13.33	0
163	pixel	67	22	2802.33	1777	5	13.33	0
164	pixel	67	23	3053.33	1893	6	13.33	0
165	pixel	67	24	2855.33	1962	5	13.33	0
166	pixel	67	25	2583.33	1403	7	13.33	0
167	pixel	67	26	2796.33	1358	8	13.33	0
168	pixel	67	27	2008.33	2058	9	13.33	0
169	pixel	67	28	1971.33	2118	10	13.33	0
170	pixel	67	29	2810.33	2211	9	13.33	0
171	pixel	67	30	2813.33	2145	10	13.33	0
172	pixel	67	31	1386.33	527.00	12	13.33	0
173	pixel	67	32	1536.33	256.00	11	13.33	0
174	pixel	67	33	1194.33	385.00	11	13.33	0
175	pixel	67	34	1064.33	689.00	12	13.33	0
176	pixel	70	1	1786.00	1711	3	13.33	0
177	pixel	70	2	2398.67	1965.67	4	13.33	0
178	pixel	70	3	2301.67	712.67	3	13.33	0
179	pixel	70	4	2462.67	755.33	6	13.33	0
180	pixel	70	5	1761.67	2221.33	6	13.33	0
