 	units	id	index	x	y	z	radius	name-id
1	pixel	66	1	1739	1145	5	13.33	0
2	pixel	66	2	2670.67	928.67	10	13.33	0
3	pixel	66	3	1961.67	928.33	12	13.33	0
4	pixel	66	4	2814.67	909	12	13.33	0
5	pixel	66	5	2634.67	657.67	14	13.33	0
6	pixel	66	6	2449.67	821.33	14	13.33	0
7	pixel	69	1	1782.00	1238	1	13.33	0
8	pixel	69	2	2145.67	1832.67	2	13.33	0
9	pixel	69	3	2090.67	1596.67	2	13.33	0
10	pixel	69	4	1307.67	1726.67	2	13.33	0
11	pixel	69	5	2839.33	1567.67	2	13.33	0
12	pixel	69	6	2426.33	1428.67	1	13.33	0
13	pixel	69	7	1994.33	652.67	1	13.33	0
14	pixel	69	8	1850.33	844.33	4	13.33	0
15	pixel	69	9	1320.33	1943.33	3	13.33	0
16	pixel	69	10	1602.33	1832.33	3	13.33	0
17	pixel	69	11	1938.33	1212.33	6	13.33	0
18	pixel	69	12	1493.33	612.33	6	13.33	0
19	pixel	69	13	2346.33	625	6	13.33	0
20	pixel	69	14	2911.33	1223	5	13.33	0
21	pixel	69	15	1297.33	1488	6	13.33	0
22	pixel	69	16	1206.00	1868	5	13.33	0
23	pixel	69	17	1873.67	890	8	13.33	0
24	pixel	69	18	1301.67	1588	8	13.33	0
25	pixel	69	19	2498.67	1568	7	13.33	0
26	pixel	69	20	1332.67	995	10	13.33	0
27	pixel	69	21	2272.67	1010	10	13.33	0
28	pixel	69	22	2421.67	722	10	13.33	0
29	pixel	69	23	2587.67	819	9	13.33	0
30	pixel	69	24	2050.67	1840	9	13.33	0
31	pixel	69	25	2306.67	395.00	11	13.33	0
32	pixel	69	26	2723.67	402.67	11	13.33	0
33	pixel	69	27	2788.67	686.67	11	13.33	0
34	pixel	69	28	2277.67	1263.67	12	13.33	0
35	pixel	69	29	1091.67	455.67	12	13.33	0
36	pixel	69	30	1745.33	727.67	13	13.33	0
37	pixel	72	1	1887.00	990.00	1	13.33	0
38	pixel	72	2	1894.67	1025.67	2	13.33	0
39	pixel	72	3	1266.67	1083.67	1	13.33	0
40	pixel	72	4	1250.33	1154.67	2	13.33	0
41	pixel	72	5	2708	1113.67	1	13.33	0
42	pixel	72	6	2734	1086.67	2	13.33	0
43	pixel	72	7	2170.00	1537.67	1	13.33	0
44	pixel	72	8	2213	1575.67	2	13.33	0
45	pixel	72	9	1277.00	2025.67	1	13.33	0
46	pixel	72	10	1341.00	2059.67	2	13.33	0
47	pixel	72	11	1835.00	932.67	3	13.33	0
48	pixel	72	12	1959.00	993.33	4	13.33	0
49	pixel	72	13	1931.00	480.33	4	13.33	0
50	pixel	72	14	1802.00	447	3	13.33	0
51	pixel	72	15	1164.00	2193.67	3	13.33	0
52	pixel	72	16	1311.67	2322.67	4	13.33	0
53	pixel	72	17	2906.67	942.67	5	13.33	0
54	pixel	72	18	2745.67	972.67	6	13.33	0
55	pixel	72	19	1280.67	1465.67	5	13.33	0
56	pixel	72	20	1146.67	1571.67	6	13.33	0
57	pixel	72	21	2020.33	1624.67	6	13.33	0
58	pixel	72	22	2191.33	1515.67	5	13.33	0
59	pixel	72	23	1586.33	2184.67	5	13.33	0
60	pixel	72	24	1494.33	2252.67	6	13.33	0
61	pixel	72	25	1357.33	763.67	7	13.33	0
62	pixel	72	26	1336.33	907.67	8	13.33	0
63	pixel	72	27	1297.33	1441.67	8	13.33	0
64	pixel	72	28	1320.33	1294.67	7	13.33	0
65	pixel	72	29	2499.33	702.67	7	13.33	0
66	pixel	72	30	2514.33	733.67	8	13.33	0
67	pixel	72	31	2634.33	551.67	8	13.33	0
68	pixel	72	32	2641.33	535.67	7	13.33	0
69	pixel	72	33	1509.33	1435.67	7	13.33	0
70	pixel	72	34	1544.33	1528.67	8	13.33	0
71	pixel	72	35	2502.33	1354.67	7	13.33	0
72	pixel	72	36	2527.33	1468.67	8	13.33	0
73	pixel	72	37	1388.33	2187.67	7	13.33	0
74	pixel	72	38	1400.33	2313.67	8	13.33	0
75	pixel	72	39	1518.33	462.67	9	13.33	0
76	pixel	72	40	1769.33	433.67	10	13.33	0
77	pixel	72	41	1109.33	826.33	10	13.33	0
78	pixel	72	42	861.00	865.33	9	13.33	0
79	pixel	72	43	2512.67	973.33	9	13.33	0
80	pixel	72	44	2786.67	878.33	10	13.33	0
81	pixel	72	45	1106.67	1925.33	9	13.33	0
82	pixel	72	46	1401.67	1908.33	10	13.33	0
83	pixel	72	47	1630.67	2058.33	10	13.33	0
84	pixel	72	48	1338.67	2106.33	9	13.33	0
85	pixel	72	49	2352.67	1586.33	10	13.33	0
86	pixel	72	50	2051.67	1655.33	9	13.33	0
87	pixel	72	51	1610.67	2090.33	9	13.33	0
88	pixel	72	52	1896.67	2094.33	10	13.33	0
89	pixel	72	53	2153.67	2170.33	10	13.33	0
90	pixel	72	54	1838.67	2226.33	9	13.33	0
91	pixel	72	55	1714.67	745.33	11	13.33	0
92	pixel	72	56	1585.67	720.33	11	13.33	0
93	pixel	72	57	1546.67	562.33	12	13.33	0
94	pixel	72	58	1672.67	561.33	12	13.33	0
95	pixel	72	59	2682.67	846.33	11	13.33	0
96	pixel	72	60	2699.67	625.33	12	13.33	0
97	pixel	72	61	2432.67	492.33	11	13.33	0
98	pixel	72	62	2458.67	255.33	12	13.33	0
99	pixel	72	63	2898.67	1859	12	13.33	0
100	pixel	72	64	2830.67	2034	11	13.33	0
101	pixel	72	65	1220.67	2263	12	13.33	0
102	pixel	72	66	1183.67	2420	11	13.33	0
103	pixel	72	67	2274.67	2124	12	13.33	0
104	pixel	72	68	2195.67	2383	11	13.33	0
105	pixel	72	69	2327.67	466	13	13.33	0
106	pixel	72	70	2314.67	474	14	13.33	0
107	pixel	72	71	1038.67	1082	13	13.33	0
108	pixel	72	72	1085.67	1140	14	13.33	0
109	pixel	72	73	2068.67	1267	13	13.33	0
110	pixel	72	74	2057.67	1305	14	13.33	0
111	pixel	72	75	1258.67	1545	14	13.33	0
112	pixel	72	76	1250.67	1442	13	13.33	0
113	pixel	72	77	2725.67	1829	13	13.33	0
114	pixel	72	78	2745.67	1867	14	13.33	0
115	pixel	75	1	1716.00	1209.00	3	13.33	0
116	pixel	75	2	1862.67	1268.67	4	13.33	0
117	pixel	75	3	2217.67	451.67	5	13.33	0
118	pixel	75	4	2056.67	497.33	6	13.33	0
119	pixel	75	5	2865.67	691.33	6	13.33	0
120	pixel	75	6	3033.67	662.33	5	13.33	0
121	pixel	75	7	2665.67	2077.33	7	13.33	0
122	pixel	75	8	2715.67	2199.33	8	13.33	0
123	pixel	75	9	2941.67	1661.33	8	13.33	0
124	pixel	75	10	2917.67	1587.33	7	13.33	0
125	pixel	75	11	1629.67	1074.33	10	13.33	0
126	pixel	75	12	1354.33	1125.33	9	13.33	0
127	pixel	75	13	1851.00	1403.33	9	13.33	0
128	pixel	75	14	2139	1347.33	10	13.33	0
129	pixel	75	15	2097	825.33	11	13.33	0
130	pixel	75	16	2058	648.33	12	13.33	0
131	pixel	75	17	1957.00	718.33	12	13.33	0
132	pixel	75	18	1985.00	897.33	11	13.33	0
133	pixel	75	19	2643	992.33	12	13.33	0
134	pixel	75	20	2654	1166.33	11	13.33	0
135	pixel	75	21	2484	879.33	11	13.33	0
136	pixel	75	22	2462	741.33	12	13.33	0
137	pixel	75	23	2048	1040.33	14	13.33	0
138	pixel	75	24	2058	1007.33	13	13.33	0
139	pixel	81	1	1888	1651.00	1	13.33	0
140	pixel	81	2	226.67	1984.67	5	13.33	0
141	pixel	81	3	567.33	623.67	5	13.33	0
142	pixel	81	4	2610.33	1885.33	5	13.33	0
143	pixel	81	5	2530.33	1694.33	8	13.33	0
144	pixel	81	6	882.33	408.33	9	13.33	0
145	pixel	81	7	1800.33	177	15	13.33	0
146	pixel	81	8	1052.33	603.67	16	13.33	0
