 	units	id	index	x	y	z	radius	name-id
1	pixel	92	1	2691	1808.00	2	13.33	0
2	pixel	92	2	2910.67	604.67	4	13.33	0
3	pixel	92	3	1824.67	1239.33	9	13.33	0
4	pixel	92	4	1365.33	1526.33	11	13.33	0
5	pixel	92	5	2708	1254.33	13	13.33	0
6	pixel	92	6	1776.00	2057.33	13	13.33	0
7	pixel	92	7	1876.00	2102.33	18	13.33	0
8	pixel	92	8	1482.00	388.33	21	13.33	0
9	pixel	92	9	2511	927	22	13.33	0
10	pixel	92	10	2370	741	22	13.33	0
11	pixel	95	1	1210.00	1215	2	13.33	0
12	pixel	95	2	2908.67	616.67	1	13.33	0
13	pixel	95	3	1800.67	1378.33	1	13.33	0
14	pixel	95	4	1929.67	1665.33	2	13.33	0
15	pixel	95	5	2267.67	1557.33	2	13.33	0
16	pixel	95	6	2365.67	1468.33	1	13.33	0
17	pixel	95	7	1265.67	1298.33	1	13.33	0
18	pixel	95	8	2441.67	1194.33	1	13.33	0
19	pixel	95	9	2709.67	1350.33	1	13.33	0
20	pixel	95	10	1475.67	1765.33	2	13.33	0
21	pixel	95	11	1110.67	2148.33	2	13.33	0
22	pixel	95	12	1519.33	2191.33	2	13.33	0
23	pixel	95	13	2712.33	2091.33	1	13.33	0
24	pixel	95	14	1765.33	394.33	2	13.33	0
25	pixel	95	15	1353.33	1286	4	13.33	0
26	pixel	95	16	2517.33	656	3	13.33	0
27	pixel	95	17	2371.33	506	3	13.33	0
28	pixel	95	18	1184.33	1789	3	13.33	0
29	pixel	95	19	1173.33	1560	4	13.33	0
30	pixel	95	20	2700.33	1737	3	13.33	0
31	pixel	95	21	2729.33	1925	3	13.33	0
32	pixel	95	22	1750.33	2127	4	13.33	0
33	pixel	95	23	1885.33	1369	3	13.33	0
34	pixel	95	24	1634.33	1768	8	13.33	0
35	pixel	95	25	1113.33	2047	8	13.33	0
36	pixel	95	26	1869.33	2093	8	13.33	0
37	pixel	95	27	2301.33	2053	8	13.33	0
38	pixel	95	28	1115.33	1106	9	13.33	0
39	pixel	95	29	2142.33	1008	10	13.33	0
40	pixel	95	30	2024.33	1099	9	13.33	0
41	pixel	95	31	2270.33	1166	10	13.33	0
42	pixel	95	32	1230.33	1632	9	13.33	0
43	pixel	95	33	1093.33	1380	9	13.33	0
44	pixel	95	34	1387.00	1541	10	13.33	0
45	pixel	95	35	1110.00	1944	9	13.33	0
46	pixel	95	36	1359.00	1246	11	13.33	0
47	pixel	95	37	2211	863	12	13.33	0
48	pixel	95	38	2251	1492	12	13.33	0
49	pixel	95	39	1165.00	1416	12	13.33	0
50	pixel	95	40	1731.00	1780	11	13.33	0
51	pixel	95	41	1907.00	1551	11	13.33	0
52	pixel	95	42	2745	1137	11	13.33	0
53	pixel	95	43	1055.00	2263	11	13.33	0
54	pixel	95	44	1343.67	2216	11	13.33	0
55	pixel	95	45	2795.67	2180	11	13.33	0
56	pixel	95	46	1770.67	772	12	13.33	0
57	pixel	95	47	1945.67	691	14	13.33	0
58	pixel	95	48	1992.67	999	13	13.33	0
59	pixel	95	49	1210.67	851	13	13.33	0
60	pixel	95	50	1927.67	1199	13	13.33	0
61	pixel	95	51	2277.67	1263	14	13.33	0
62	pixel	95	52	2861.67	947	13	13.33	0
63	pixel	95	53	2608.67	541	13	13.33	0
64	pixel	95	54	2886.67	678	14	13.33	0
65	pixel	95	55	2718.67	1146	14	13.33	0
66	pixel	95	56	1294.67	1836	13	13.33	0
67	pixel	95	57	2088.67	1756	14	13.33	0
68	pixel	95	58	2930.67	1528	14	13.33	0
69	pixel	95	59	2051.67	1406	13	13.33	0
70	pixel	95	60	2143.67	2142	13	13.33	0
71	pixel	95	61	1343.67	639	18	13.33	0
72	pixel	95	62	2640.67	1895	18	13.33	0
73	pixel	95	63	2620.67	2015	18	13.33	0
74	pixel	95	64	2222.67	1114	20	13.33	0
75	pixel	95	65	1080.67	1414	20	13.33	0
76	pixel	95	66	1443.67	1937	20	13.33	0
77	pixel	95	67	1419.67	1887	20	13.33	0
78	pixel	95	68	1842.67	1571	19	13.33	0
79	pixel	95	69	2510.67	1685	19	13.33	0
80	pixel	95	70	2849.67	1711	20	13.33	0
81	pixel	95	71	2662.67	821	20	13.33	0
82	pixel	95	72	1633.67	971	22	13.33	0
83	pixel	95	73	2157.67	1260	22	13.33	0
84	pixel	95	74	1255.67	1177	22	13.33	0
85	pixel	95	75	1660.67	2080	22	13.33	0
86	pixel	95	76	2460.67	2078	22	13.33	0
87	pixel	95	77	2941.67	2152	21	13.33	0
88	pixel	95	78	2244.67	2281	22	13.33	0
89	pixel	98	1	1044	869.00	1	13.33	0
90	pixel	98	2	1070.67	1067.67	2	13.33	0
91	pixel	98	3	1107.67	538.67	1	13.33	0
92	pixel	98	4	1137.67	743.33	2	13.33	0
93	pixel	98	5	1161.67	887.33	1	13.33	0
94	pixel	98	6	1186.67	1068.33	2	13.33	0
95	pixel	98	7	1941.67	1050.33	2	13.33	0
96	pixel	98	8	1883.67	919.33	1	13.33	0
97	pixel	98	9	2384.67	1095.33	1	13.33	0
98	pixel	98	10	2402.67	1183.33	2	13.33	0
99	pixel	98	11	2798.67	354.33	1	13.33	0
100	pixel	98	12	2810.67	465.00	2	13.33	0
101	pixel	98	13	1679.67	1433	2	13.33	0
102	pixel	98	14	1615.67	1309	1	13.33	0
103	pixel	98	15	1875.67	1850	2	13.33	0
104	pixel	98	16	1779.67	1723	1	13.33	0
105	pixel	98	17	1785.67	1970	2	13.33	0
106	pixel	98	18	1709.67	1795	1	13.33	0
107	pixel	98	19	1013.67	1482	1	13.33	0
108	pixel	98	20	1051.33	1626	2	13.33	0
109	pixel	98	21	2712.33	754.00	2	13.33	0
110	pixel	98	22	2565.33	1262	1	13.33	0
111	pixel	98	23	1043.33	858.00	2	13.33	0
112	pixel	98	24	1014.33	683.00	1	13.33	0
113	pixel	98	25	1665.33	1074	3	13.33	0
114	pixel	98	26	1666.33	1175	4	13.33	0
115	pixel	98	27	1241.33	1192	4	13.33	0
116	pixel	98	28	1226.33	1032	3	13.33	0
117	pixel	98	29	2554.33	534.00	4	13.33	0
118	pixel	98	30	2557.33	441.00	3	13.33	0
119	pixel	98	31	2177.33	1734	3	13.33	0
120	pixel	98	32	2238.33	1797	4	13.33	0
121	pixel	98	33	2212.33	2177	3	13.33	0
122	pixel	98	34	2322.33	2273	4	13.33	0
123	pixel	98	35	848.33	1490	7	13.33	0
124	pixel	98	36	1219	1470	8	13.33	0
125	pixel	98	37	1193	2038	7	13.33	0
126	pixel	98	38	1581	2016	8	13.33	0
127	pixel	98	39	3036	2135	8	13.33	0
128	pixel	98	40	2573	2187	7	13.33	0
129	pixel	98	41	1884	560.00	9	13.33	0
130	pixel	98	42	1796	585.00	10	13.33	0
131	pixel	98	43	1292	1214	10	13.33	0
132	pixel	98	44	1255	1171	9	13.33	0
133	pixel	98	45	1132	419.00	9	13.33	0
134	pixel	98	46	1114	465.00	10	13.33	0
135	pixel	98	47	2111	780.00	10	13.33	0
136	pixel	98	48	2135	800.00	9	13.33	0
137	pixel	98	49	2440	632.00	9	13.33	0
138	pixel	98	50	2356	574.00	10	13.33	0
139	pixel	98	51	2057	1203	9	13.33	0
140	pixel	98	52	2031	1200	10	13.33	0
141	pixel	98	53	2564	472.00	10	13.33	0
142	pixel	98	54	2600	518.00	9	13.33	0
143	pixel	98	55	1237	627.00	11	13.33	0
144	pixel	98	56	1271	665.00	12	13.33	0
145	pixel	98	57	2337	663.00	11	13.33	0
146	pixel	98	58	2315	615.00	12	13.33	0
147	pixel	98	59	1679	1248	12	13.33	0
148	pixel	98	60	1635	1220	11	13.33	0
149	pixel	98	61	2466	857.00	12	13.33	0
150	pixel	98	62	2445	850.00	11	13.33	0
151	pixel	98	63	947	1828	11	13.33	0
152	pixel	98	64	1010	1934	12	13.33	0
153	pixel	98	65	2279	1979	11	13.33	0
154	pixel	98	66	2294	1986	12	13.33	0
155	pixel	98	67	2768	1542	12	13.33	0
156	pixel	98	68	2748	1587	11	13.33	0
157	pixel	98	69	1059	435.00	13	13.33	0
158	pixel	98	70	1234	487.00	14	13.33	0
159	pixel	98	71	1771	1223	14	13.33	0
160	pixel	98	72	1612	1179	13	13.33	0
161	pixel	98	73	1802	1489	13	13.33	0
162	pixel	98	74	1972	1524	14	13.33	0
163	pixel	98	75	2679	1423	14	13.33	0
164	pixel	98	76	2561	1455	13	13.33	0
165	pixel	98	77	2682	1670	13	13.33	0
166	pixel	98	78	2815	1745	14	13.33	0
167	pixel	98	79	905	2039	13	13.33	0
168	pixel	98	80	1117	2136	14	13.33	0
169	pixel	98	81	1713	2203	14	13.33	0
170	pixel	98	82	1520	2170	13	13.33	0
171	pixel	98	83	1984	1877	13	13.33	0
172	pixel	98	84	2166	1891	14	13.33	0
173	pixel	98	85	1456	1058	17	13.33	0
174	pixel	98	86	1628	1017.00	17	13.33	0
175	pixel	98	87	1515	986.00	18	13.33	0
176	pixel	98	88	1355	1032	18	13.33	0
177	pixel	98	89	1655	932.00	18	13.33	0
178	pixel	98	90	1837	941.00	17	13.33	0
179	pixel	98	91	2237	1263	18	13.33	0
180	pixel	98	92	2396	1366	17	13.33	0
181	pixel	98	93	2173	1758	18	13.33	0
182	pixel	98	94	2260	1845	17	13.33	0
183	pixel	98	95	2181	1494	17	13.33	0
184	pixel	98	96	2057	1429	18	13.33	0
185	pixel	98	97	1798	1748	18	13.33	0
186	pixel	98	98	1866	1783	17	13.33	0
187	pixel	98	99	2118	1608	18	13.33	0
188	pixel	98	100	2244	1683	17	13.33	0
189	pixel	98	101	1902	1559	17	13.33	0
190	pixel	98	102	1814	1471	18	13.33	0
191	pixel	98	103	1335	1322	19	13.33	0
192	pixel	98	104	1523	1273	20	13.33	0
193	pixel	98	105	1905	921.00	20	13.33	0
194	pixel	98	106	1714	993.00	19	13.33	0
195	pixel	98	107	2359	926.00	19	13.33	0
196	pixel	98	108	2517	788.00	20	13.33	0
197	pixel	98	109	935	1273	19	13.33	0
198	pixel	98	110	1106	1285	20	13.33	0
199	pixel	98	111	1630	1679	20	13.33	0
200	pixel	98	112	1437	1723	19	13.33	0
201	pixel	98	113	2377	2066	19	13.33	0
202	pixel	98	114	2556	1930	20	13.33	0
203	pixel	98	115	2498	2045	19	13.33	0
204	pixel	98	116	2669	1885	20	13.33	0
205	pixel	98	117	2723	1647	20	13.33	0
206	pixel	98	118	2534	1802	19	13.33	0
207	pixel	98	119	2556	1550	19	13.33	0
208	pixel	98	120	2795	1382	20	13.33	0
209	pixel	98	121	2373	2297	20	13.33	0
210	pixel	98	122	2191	2421	19	13.33	0
211	pixel	98	123	1015	464.00	21	13.33	0
212	pixel	98	124	1010	471.00	22	13.33	0
213	pixel	98	125	1820	524.00	22	13.33	0
214	pixel	98	126	1794	617.00	21	13.33	0
215	pixel	98	127	2309	1019.00	22	13.33	0
216	pixel	98	128	2265	1096	21	13.33	0
217	pixel	98	129	1355	1348	21	13.33	0
218	pixel	98	130	1397	1337	22	13.33	0
219	pixel	98	131	2876	893.00	21	13.33	0
220	pixel	98	132	2950	845.00	22	13.33	0
221	pixel	98	133	2823	1361	21	13.33	0
222	pixel	98	134	2862	1284	22	13.33	0
223	pixel	98	135	1291	1776	21	13.33	0
224	pixel	98	136	1362	1782	22	13.33	0
225	pixel	98	137	1789	2100	22	13.33	0
226	pixel	98	138	1702	2125	21	13.33	0
227	pixel	98	139	2731	1846	21	13.33	0
228	pixel	98	140	2943	1761	21	13.33	0
229	pixel	98	141	2965	1668	22	13.33	0
230	pixel	98	142	2783	1769	22	13.33	0
231	pixel	98	143	1758	2258	21	13.33	0
232	pixel	98	144	1781	2285	22	13.33	0
233	pixel	98	145	2791	1414	22	13.33	0
234	pixel	98	146	2750	1521	21	13.33	0
235	pixel	98	147	950	1558	21	13.33	0
236	pixel	98	148	1010	1570	22	13.33	0
237	pixel	101	1	1326.00	762	1	13.33	0
238	pixel	101	2	1337.67	956.67	2	13.33	0
239	pixel	101	3	1149.67	1157.67	3	13.33	0
240	pixel	101	4	1141.33	1321.67	4	13.33	0
241	pixel	101	5	2085.00	1576.67	4	13.33	0
242	pixel	101	6	2062.00	1490.67	3	13.33	0
243	pixel	101	7	2414	1853.67	8	13.33	0
244	pixel	101	8	2117.00	1938.67	7	13.33	0
245	pixel	101	9	1252.00	1875.67	11	13.33	0
246	pixel	101	10	1331.00	1931.67	12	13.33	0
247	pixel	101	11	1125.00	1815.67	11	13.33	0
248	pixel	101	12	1170.67	1848.67	12	13.33	0
249	pixel	101	13	2303.67	799.67	14	13.33	0
250	pixel	101	14	2260.67	825.67	13	13.33	0
251	pixel	101	15	2771.67	1355.67	14	13.33	0
252	pixel	101	16	2648.67	1392.67	13	13.33	0
253	pixel	101	17	2480.67	1942.67	13	13.33	0
254	pixel	101	18	2629.67	1928.67	14	13.33	0
255	pixel	101	19	1892.67	2175.67	13	13.33	0
256	pixel	101	20	2073.67	2204.67	14	13.33	0
257	pixel	101	21	2089.67	969.67	17	13.33	0
258	pixel	101	22	1963.67	901.67	18	13.33	0
259	pixel	101	23	2903.67	963.67	19	13.33	0
260	pixel	101	24	3073.67	777.67	20	13.33	0
261	pixel	101	25	3118.67	861.67	20	13.33	0
262	pixel	101	26	2943.67	1035.67	19	13.33	0
263	pixel	101	27	2008.67	511.67	21	13.33	0
264	pixel	101	28	2064.67	455.33	22	13.33	0
265	pixel	101	29	2509.67	696	22	13.33	0
266	pixel	101	30	2466.67	776	21	13.33	0
267	pixel	101	31	2366.67	851	21	13.33	0
268	pixel	101	32	2414.67	809	22	13.33	0
269	pixel	104	1	2793	1961.00	4	13.33	0
270	pixel	104	2	1168.67	1276.67	7	13.33	0
271	pixel	104	3	2082.33	836.33	10	13.33	0
272	pixel	104	4	2793.33	1535.00	18	13.33	0
273	pixel	104	5	617.33	957.00	17	13.33	0
274	pixel	104	6	1179	264.00	19	13.33	0
275	pixel	104	7	1927	1492.67	19	13.33	0
276	pixel	104	8	2520	1909.67	20	13.33	0
277	pixel	104	9	2518	826.67	22	13.33	0
