 	units	id	index	x	y	z	radius	name-id
1	pixel	107	1	1252	1855.00	3	13.33	0
2	pixel	107	2	2579.67	1150.67	6	13.33	0
3	pixel	107	3	2326.67	1584.33	11	13.33	0
4	pixel	107	4	1413.67	1334.33	19	13.33	0
5	pixel	107	5	2078.67	1029.33	25	13.33	0
6	pixel	110	1	2678.00	807.00	3	13.33	0
7	pixel	110	2	2597.67	531.67	3	13.33	0
8	pixel	110	3	1935.33	438.33	5	13.33	0
9	pixel	110	4	2015.00	1605.00	5	13.33	0
10	pixel	110	5	1800.00	1314	5	13.33	0
11	pixel	110	6	2841.67	2138	5	13.33	0
12	pixel	110	7	1694.67	1085	11	13.33	0
13	pixel	110	8	2150.33	1191	11	13.33	0
14	pixel	110	9	2659.33	2200	11	13.33	0
15	pixel	110	10	1938.33	655	15	13.33	0
16	pixel	110	11	1404.33	492	16	13.33	0
17	pixel	110	12	1962.00	1901.00	16	13.33	0
18	pixel	110	13	2494.00	1370	16	13.33	0
19	pixel	110	14	2653.00	1520.00	16	13.33	0
20	pixel	110	15	2431.00	1869.00	15	13.33	0
21	pixel	110	16	1129.00	837	17	13.33	0
22	pixel	110	17	1613.67	2209	18	13.33	0
23	pixel	110	18	1852.67	2033.00	17	13.33	0
24	pixel	110	19	988.67	381	18	13.33	0
25	pixel	110	20	1395.33	1137.67	19	13.33	0
26	pixel	110	21	1258.33	1200.67	20	13.33	0
27	pixel	110	22	2586.33	963.67	19	13.33	0
28	pixel	110	23	1234.33	1613.67	20	13.33	0
29	pixel	110	24	1633.33	1605.67	19	13.33	0
30	pixel	110	25	2612.33	1805.67	19	13.33	0
31	pixel	110	26	2040.33	1543.67	20	13.33	0
32	pixel	110	27	1512.33	974.67	26	13.33	0
33	pixel	110	28	2475.33	356.67	26	13.33	0
34	pixel	110	29	2485.33	1828.33	25	13.33	0
35	pixel	110	30	2756.33	1168.33	25	13.33	0
36	pixel	110	31	2458.33	1413.33	26	13.33	0
37	pixel	110	32	2559.33	2281.33	25	13.33	0
38	pixel	110	33	1569.33	804.33	27	13.33	0
39	pixel	110	34	1917.33	1155.33	27	13.33	0
40	pixel	110	35	1994.33	2070.33	27	13.33	0
41	pixel	110	36	1255.33	758.33	29	13.33	0
42	pixel	110	37	1402.33	352.33	30	13.33	0
43	pixel	110	38	1743.33	1113	29	13.33	0
44	pixel	110	39	1929.33	1831	30	13.33	0
45	pixel	113	1	1523.00	832	3	13.33	0
46	pixel	113	2	1419.67	772.67	4	13.33	0
47	pixel	113	3	2001.33	625.33	4	13.33	0
48	pixel	113	4	2061.33	697.00	3	13.33	0
49	pixel	113	5	2145.33	625.00	4	13.33	0
50	pixel	113	6	2185.33	715.67	3	13.33	0
51	pixel	113	7	2748.33	985.67	3	13.33	0
52	pixel	113	8	2731.33	864.67	4	13.33	0
53	pixel	113	9	977.33	1960.67	3	13.33	0
54	pixel	113	10	1076.00	1907.67	4	13.33	0
55	pixel	113	11	1448.00	1745.67	4	13.33	0
56	pixel	113	12	1390.00	1866.67	3	13.33	0
57	pixel	113	13	2098	1682.67	3	13.33	0
58	pixel	113	14	2163	1563.67	4	13.33	0
59	pixel	113	15	2835	352.67	5	13.33	0
60	pixel	113	16	2750	323.33	6	13.33	0
61	pixel	113	17	2202	1983.00	5	13.33	0
62	pixel	113	18	2311	1870.00	6	13.33	0
63	pixel	113	19	1399.00	373.00	11	13.33	0
64	pixel	113	20	1422.00	461.00	12	13.33	0
65	pixel	113	21	1834.00	1260	12	13.33	0
66	pixel	113	22	1699.00	1230	11	13.33	0
67	pixel	113	23	956.00	1468.00	11	13.33	0
68	pixel	113	24	1089.67	1494.00	12	13.33	0
69	pixel	113	25	1686.67	283.00	15	13.33	0
70	pixel	113	26	1543.67	359.67	16	13.33	0
71	pixel	113	27	1994.67	897.67	15	13.33	0
72	pixel	113	28	1963.67	944.67	16	13.33	0
73	pixel	113	29	1956.67	441.67	15	13.33	0
74	pixel	113	30	1855.67	508.67	16	13.33	0
75	pixel	113	31	1764.67	1297.67	15	13.33	0
76	pixel	113	32	1762.67	1319.67	16	13.33	0
77	pixel	113	33	1339.67	753.67	17	13.33	0
78	pixel	113	34	1331.67	647.67	18	13.33	0
79	pixel	113	35	2226.67	2114.67	18	13.33	0
80	pixel	113	36	2143.67	2094.67	17	13.33	0
81	pixel	113	37	1912.67	693.67	20	13.33	0
82	pixel	113	38	1892.67	649.67	20	13.33	0
83	pixel	113	39	1987.67	572.67	19	13.33	0
84	pixel	113	40	1969.67	521.67	19	13.33	0
85	pixel	113	41	2419.67	496.67	19	13.33	0
86	pixel	113	42	2360.67	602.67	20	13.33	0
87	pixel	113	43	1015.67	1529.67	19	13.33	0
88	pixel	113	44	1076.67	1642.67	20	13.33	0
89	pixel	113	45	1327.67	778.67	26	13.33	0
90	pixel	113	46	1261.67	632.67	25	13.33	0
91	pixel	113	47	2377.67	2000.67	25	13.33	0
92	pixel	113	48	2606.67	2012.67	26	13.33	0
93	pixel	113	49	2761.67	1843.67	25	13.33	0
94	pixel	113	50	2999.67	1845.67	26	13.33	0
95	pixel	113	51	1741.67	728.67	27	13.33	0
96	pixel	113	52	1506.67	750.67	28	13.33	0
97	pixel	113	53	1340.67	960.67	27	13.33	0
98	pixel	113	54	1111.67	1012.67	28	13.33	0
99	pixel	113	55	1339.67	280.67	29	13.33	0
100	pixel	113	56	1203.67	453.33	30	13.33	0
101	pixel	116	1	1720	1198	1	13.33	0
102	pixel	116	2	1639.67	1018.67	2	13.33	0
103	pixel	116	3	1122.33	1245.33	3	13.33	0
104	pixel	116	4	1117	1228.33	4	13.33	0
105	pixel	116	5	1777.67	529.33	4	13.33	0
106	pixel	116	6	1855.67	544	3	13.33	0
107	pixel	116	7	2028.67	1874	6	13.33	0
108	pixel	116	8	2030.67	1786	5	13.33	0
109	pixel	116	9	941.67	411	15	13.33	0
110	pixel	116	10	856.33	508.67	16	13.33	0
111	pixel	116	11	2269	813.67	15	13.33	0
112	pixel	116	12	2199	862.67	16	13.33	0
113	pixel	116	13	2207	1905.67	15	13.33	0
114	pixel	116	14	2285	1897.67	16	13.33	0
115	pixel	116	15	2750	1829.67	17	13.33	0
116	pixel	116	16	2923	1719.67	18	13.33	0
117	pixel	116	17	2806	596.67	19	13.33	0
118	pixel	116	18	2735	722.67	20	13.33	0
119	pixel	119	1	1150	1608.00	3	13.33	0
120	pixel	119	2	1232.67	1910.67	3	13.33	0
121	pixel	119	3	2504.67	2058.67	15	13.33	0
122	pixel	119	4	1393.67	1872.67	18	13.33	0
123	pixel	119	5	1417.67	1854.67	20	13.33	0
124	pixel	119	6	1429.67	1217.67	27	13.33	0
125	pixel	119	7	1560.67	181.33	29	13.33	0
