093 K4-2.tif	0	0	1094 K4-2.tif	0	0	3095 K4-2.tif	0	0	5096 K4-2.tif	0	0	7097 K4-2.tif	0	0	9098 K4-2.tif	0	0	11099 K4-2.tif	0	0	13100 K4-2.tif	0	0	15101 K4-2.tif	0	0	17102 K4-2.tif	0	0	19103 K4-2.tif	0	0	21104 K4-2.tif	0	0	23105 K4-2.tif	0	0	25106 K4-2.tif	0	0	27107 K4-2.tif	0	0	29108 K4-2.tif	0	0	31109 K4-2.tif	0	0	33110 K4-2.tif	0	0	35111 K4-2.tif	0	0	37112 K4-2.tif	0	0	39113 K4-2.tif	0	0	41114 K4-2.tif	0	0	43115 K4-2.tif	0	0	45116 K4-2.tif	0	0	47117 K4-2.tif	0	0	49093 K4-4.tif	0	0	2094 K4-4.tif	0	0	4095 K4-4.tif	0	0	6096 K4-4.tif	0	0	8097 K4-4.tif	0	0	10098 K4-4.tif	0	0	12099 K4-4.tif	0	0	14100 K4-4.tif	0	0	16101 K4-4.tif	0	0	18102 K4-4.tif	0	0	20
103 K4-4.tif	0	0	22
104 K4-4.tif	0	0	24
105 K4-4.tif	0	0	26
106 K4-4.tif	0	0	28
107 K4-4.tif	0	0	30
108 K4-4.tif	0	0	32
109 K4-4.tif	0	0	34
110 K4-4.tif	0	0	36
111 K4-4.tif	0	0	38
112 K4-4.tif	0	0	40
113 K4-4.tif	0	0	42
114 K4-4.tif	0	0	44
115 K4-4.tif	0	0	46
116 K4-4.tif	0	0	48
117 K4-4.tif	0	0	50
