 	units	id	index	x	y	z	radius	name-id
1	pixel	118	1	1704.00	606	1	13.33	0
2	pixel	118	2	2429.67	518.67	3	13.33	0
3	pixel	118	3	2556.67	1392.33	4	13.33	0
4	pixel	118	4	2185.67	495.33	7	13.33	0
5	pixel	118	5	2414.67	876	10	13.33	0
6	pixel	118	6	1583.67	970	10	13.33	0
7	pixel	118	7	2100.33	1243	9	13.33	0
8	pixel	118	8	1339.33	1778	13	13.33	0
9	pixel	118	9	1167.00	1779	15	13.33	0
10	pixel	118	10	1032.67	2081	20	13.33	0
11	pixel	118	11	1567.33	1291	22	13.33	0
12	pixel	118	12	2091.33	1715	23	13.33	0
13	pixel	118	13	1481.33	1534	25	13.33	0
14	pixel	118	14	1677.33	575	26	13.33	0
15	pixel	118	15	1426.33	1252	28	13.33	0
16	pixel	118	16	2209.33	2264	28	13.33	0
17	pixel	121	1	1426	478	2	13.33	0
18	pixel	121	2	1221.67	1125.67	1	13.33	0
19	pixel	121	3	1020.33	668.67	2	13.33	0
20	pixel	121	4	2663	1227.67	1	13.33	0
21	pixel	121	5	1192	1626.67	1	13.33	0
22	pixel	121	6	2483	1798.67	2	13.33	0
23	pixel	121	7	1377	1979.67	2	13.33	0
24	pixel	121	8	2370	2251.67	1	13.33	0
25	pixel	121	9	2911	2234.67	1	13.33	0
26	pixel	121	10	1027	764.67	4	13.33	0
27	pixel	121	11	2501	702.67	4	13.33	0
28	pixel	121	12	1125	1896.67	4	13.33	0
29	pixel	121	13	2749	1499.67	4	13.33	0
30	pixel	121	14	1873	2168.67	4	13.33	0
31	pixel	121	15	2586	2215.67	4	13.33	0
32	pixel	121	16	1936	2206.67	3	13.33	0
33	pixel	121	17	1167	935.67	6	13.33	0
34	pixel	121	18	1896	546.67	5	13.33	0
35	pixel	121	19	2099	642.67	5	13.33	0
36	pixel	121	20	2115	1052.67	5	13.33	0
37	pixel	121	21	1766	490.67	5	13.33	0
38	pixel	121	22	2628	834.67	5	13.33	0
39	pixel	121	23	2824	1058.67	6	13.33	0
40	pixel	121	24	2267	1286.67	6	13.33	0
41	pixel	121	25	2245	2224.67	7	13.33	0
42	pixel	121	26	1769	772.67	7	13.33	0
43	pixel	121	27	2198	1396.67	8	13.33	0
44	pixel	121	28	1190	549.67	10	13.33	0
45	pixel	121	29	2218	567.33	10	13.33	0
46	pixel	121	30	2342	1518.67	10	13.33	0
47	pixel	121	31	1988	1598.67	10	13.33	0
48	pixel	121	32	2387	1665.67	9	13.33	0
49	pixel	121	33	2177	836.67	10	13.33	0
50	pixel	121	34	1603	1817.67	14	13.33	0
51	pixel	121	35	1930	919.67	16	13.33	0
52	pixel	121	36	2210	1392.67	15	13.33	0
53	pixel	121	37	1708	780.67	17	13.33	0
54	pixel	121	38	2218	921.67	18	13.33	0
55	pixel	121	39	2725	1114.67	18	13.33	0
56	pixel	121	40	1127	1051.67	20	13.33	0
57	pixel	121	41	1233	854.67	20	13.33	0
58	pixel	121	42	2072	1992.67	20	13.33	0
59	pixel	121	43	1780	1370.67	19	13.33	0
60	pixel	121	44	1322	381.67	19	13.33	0
61	pixel	121	45	1895	641.33	22	13.33	0
62	pixel	121	46	2116	1321.33	22	13.33	0
63	pixel	121	47	1217	1437.33	22	13.33	0
64	pixel	121	48	1259	1810.33	22	13.33	0
65	pixel	121	49	2661	1943.33	22	13.33	0
66	pixel	121	50	2878	2003.33	21	13.33	0
67	pixel	121	51	1556	2198.33	21	13.33	0
68	pixel	121	52	2055	1019.33	23	13.33	0
69	pixel	121	53	2448	647.33	23	13.33	0
70	pixel	121	54	2711	1213.33	24	13.33	0
71	pixel	121	55	1761	1834.33	24	13.33	0
72	pixel	121	56	1300	1770.33	23	13.33	0
73	pixel	121	57	2651	1677.33	24	13.33	0
74	pixel	121	58	1049	489.33	23	13.33	0
75	pixel	121	59	2366	786.33	26	13.33	0
76	pixel	121	60	2683	437.33	25	13.33	0
77	pixel	121	61	2574	1716.33	25	13.33	0
78	pixel	121	62	2358	2072.33	26	13.33	0
79	pixel	121	63	1918	675.33	28	13.33	0
80	pixel	121	64	1381	440.33	28	13.33	0
81	pixel	121	65	1234	1869.33	27	13.33	0
82	pixel	121	66	1909	1832.33	27	13.33	0
83	pixel	121	67	2199	2013.33	28	13.33	0
84	pixel	124	1	1632.00	798.00	1	13.33	0
85	pixel	124	2	1822.67	752.67	2	13.33	0
86	pixel	124	3	2751.67	546.33	1	13.33	0
87	pixel	124	4	2896.67	470.00	2	13.33	0
88	pixel	124	5	1246.67	1813.67	1	13.33	0
89	pixel	124	6	1599.33	1829.67	2	13.33	0
90	pixel	124	7	2106.33	1921.67	2	13.33	0
91	pixel	124	8	1806.33	1908.67	1	13.33	0
92	pixel	124	9	2370.33	1542.67	1	13.33	0
93	pixel	124	10	2566.33	1502.67	2	13.33	0
94	pixel	124	11	2721.33	1900.67	1	13.33	0
95	pixel	124	12	2915.33	1896.67	2	13.33	0
96	pixel	124	13	2138.33	2190.67	2	13.33	0
97	pixel	124	14	1861.33	2158.67	1	13.33	0
98	pixel	124	15	1637.33	917.67	3	13.33	0
99	pixel	124	16	1697.33	1026.67	4	13.33	0
100	pixel	124	17	2043.33	919.67	4	13.33	0
101	pixel	124	18	2013.33	838.67	3	13.33	0
102	pixel	124	19	1605.33	640.67	3	13.33	0
103	pixel	124	20	1671.33	734.67	4	13.33	0
104	pixel	124	21	1355.33	1052.67	4	13.33	0
105	pixel	124	22	1227.33	920.67	3	13.33	0
106	pixel	124	23	2913	1020.67	3	13.33	0
107	pixel	124	24	2980.00	1076.67	4	13.33	0
108	pixel	124	25	2253	1889.67	3	13.33	0
109	pixel	124	26	2447	2008.67	4	13.33	0
110	pixel	124	27	2441	1791.67	4	13.33	0
111	pixel	124	28	2261	1690.67	3	13.33	0
112	pixel	124	29	1753.00	1893.67	3	13.33	0
113	pixel	124	30	1942	1984.67	4	13.33	0
114	pixel	124	31	1429.00	742.67	6	13.33	0
115	pixel	124	32	1592.00	732.67	5	13.33	0
116	pixel	124	33	2677	355.67	5	13.33	0
117	pixel	124	34	2458	427.33	6	13.33	0
118	pixel	124	35	1889.00	598.33	8	13.33	0
119	pixel	124	36	2008	593.33	7	13.33	0
120	pixel	124	37	2369	1028.33	8	13.33	0
121	pixel	124	38	2394	1041.33	7	13.33	0
122	pixel	124	39	2662	490.33	8	13.33	0
123	pixel	124	40	2927	473.33	7	13.33	0
124	pixel	124	41	2025	1370.33	7	13.33	0
125	pixel	124	42	2018	1417.33	8	13.33	0
126	pixel	124	43	2298	1765.33	8	13.33	0
127	pixel	124	44	2258	1719.33	7	13.33	0
128	pixel	124	45	1646.00	1839.33	8	13.33	0
129	pixel	124	46	1542.00	1797.33	7	13.33	0
130	pixel	124	47	2536	1747.33	8	13.33	0
131	pixel	124	48	2505	1721.33	7	13.33	0
132	pixel	124	49	1488.00	2047.33	7	13.33	0
133	pixel	124	50	1605.00	2186.33	8	13.33	0
134	pixel	124	51	1126	2066.33	8	13.33	0
135	pixel	124	52	995.67	1958.33	7	13.33	0
136	pixel	124	53	1961.33	447.33	10	13.33	0
137	pixel	124	54	2028.33	440.33	9	13.33	0
138	pixel	124	55	1170.33	877.33	10	13.33	0
139	pixel	124	56	1176.33	793.33	9	13.33	0
140	pixel	124	57	1069.33	1173.33	9	13.33	0
141	pixel	124	58	1112.33	1261.33	10	13.33	0
142	pixel	124	59	2282.33	1148.33	10	13.33	0
143	pixel	124	60	2311.33	1069.33	9	13.33	0
144	pixel	124	61	1329.33	1425.33	9	13.33	0
145	pixel	124	62	1444.33	1516.33	10	13.33	0
146	pixel	124	63	1674.33	1885.33	10	13.33	0
147	pixel	124	64	1512.33	1785.33	9	13.33	0
148	pixel	124	65	2261.33	1613.33	10	13.33	0
149	pixel	124	66	2193.33	1532.33	9	13.33	0
150	pixel	124	67	913.33	1550.33	9	13.33	0
151	pixel	124	68	1053.00	1672.33	10	13.33	0
152	pixel	124	69	2699	1697.33	10	13.33	0
153	pixel	124	70	2643	1626.33	9	13.33	0
154	pixel	124	71	2141	2039.33	9	13.33	0
155	pixel	124	72	2290	2159.33	10	13.33	0
156	pixel	124	73	2435	1384.33	10	13.33	0
157	pixel	124	74	2442	1253.33	9	13.33	0
158	pixel	124	75	1183	972.33	14	13.33	0
159	pixel	124	76	1214	1016.33	13	13.33	0
160	pixel	124	77	1837.00	1956.33	13	13.33	0
161	pixel	124	78	1830.00	1978.33	14	13.33	0
162	pixel	124	79	2346	587.33	15	13.33	0
163	pixel	124	80	2291	644.33	16	13.33	0
164	pixel	124	81	1778.00	1124.33	16	13.33	0
165	pixel	124	82	1788.00	1113.33	15	13.33	0
166	pixel	124	83	1644.00	397.33	15	13.33	0
167	pixel	124	84	1531.00	404.33	16	13.33	0
168	pixel	124	85	2625	1275.33	15	13.33	0
169	pixel	124	86	2621	1287.33	16	13.33	0
170	pixel	124	87	1180	2024.33	15	13.33	0
171	pixel	124	88	1337	2005.33	16	13.33	0
172	pixel	124	89	2230	1645.33	15	13.33	0
173	pixel	124	90	2119	1497.33	15	13.33	0
174	pixel	124	91	2169	1533.33	16	13.33	0
175	pixel	124	92	2307	1685.33	16	13.33	0
176	pixel	124	93	2591	1970.33	16	13.33	0
177	pixel	124	94	2475	1940.33	15	13.33	0
178	pixel	124	95	2569	2164.33	15	13.33	0
179	pixel	124	96	2743	2208.33	16	13.33	0
180	pixel	124	97	1806.00	576.33	17	13.33	0
181	pixel	124	98	1907	803.33	18	13.33	0
182	pixel	124	99	876.00	983.33	17	13.33	0
183	pixel	124	100	1058.67	1183.33	18	13.33	0
184	pixel	124	101	2192.67	1373.33	17	13.33	0
185	pixel	124	102	2440.67	1576.33	18	13.33	0
186	pixel	124	103	1722.67	816.33	19	13.33	0
187	pixel	124	104	1614.67	870.33	20	13.33	0
188	pixel	124	105	1957.67	918.33	20	13.33	0
189	pixel	124	106	2012.67	875.33	19	13.33	0
190	pixel	124	107	1309.67	691.33	20	13.33	0
191	pixel	124	108	1454.67	669.33	19	13.33	0
192	pixel	124	109	1514.67	1115.33	20	13.33	0
193	pixel	124	110	1507.67	1044.33	19	13.33	0
194	pixel	124	111	1529.67	467.33	20	13.33	0
195	pixel	124	112	1698.67	403.33	19	13.33	0
196	pixel	124	113	2699.67	1980.33	19	13.33	0
197	pixel	124	114	2852.67	2038.33	20	13.33	0
198	pixel	124	115	1048.67	2135.33	19	13.33	0
199	pixel	124	116	1273.67	2228.33	20	13.33	0
200	pixel	124	117	1150.67	485.33	21	13.33	0
201	pixel	124	118	1015.67	598.33	22	13.33	0
202	pixel	124	119	1179.67	1004.33	21	13.33	0
203	pixel	124	120	1095.67	1177.33	22	13.33	0
204	pixel	124	121	2756.67	477.33	22	13.33	0
205	pixel	124	122	2953.67	395.33	21	13.33	0
206	pixel	124	123	2307.67	1584.33	21	13.33	0
207	pixel	124	124	2345.67	1746.33	22	13.33	0
208	pixel	124	125	1931.67	2069.33	22	13.33	0
209	pixel	124	126	1694.67	2159.33	22	13.33	0
210	pixel	124	127	1771.67	1869.33	21	13.33	0
211	pixel	124	128	1586.67	1968.33	21	13.33	0
212	pixel	124	129	1351.67	320.33	21	13.33	0
213	pixel	124	130	1185.67	409.00	22	13.33	0
214	pixel	124	131	1480.67	634	23	13.33	0
215	pixel	124	132	1465.67	694	24	13.33	0
216	pixel	124	133	2456.67	962	23	13.33	0
217	pixel	124	134	2451.67	1009	24	13.33	0
218	pixel	124	135	1420.67	1587	23	13.33	0
219	pixel	124	136	1600.67	1692	24	13.33	0
220	pixel	124	137	2005.67	1868	24	13.33	0
221	pixel	124	138	1879.67	1777	23	13.33	0
222	pixel	124	139	2181.67	2095	24	13.33	0
223	pixel	124	140	2012.67	2017	23	13.33	0
224	pixel	124	141	2314.67	2118	23	13.33	0
225	pixel	124	142	2504.67	2237	24	13.33	0
226	pixel	124	143	2912.67	1918	23	13.33	0
227	pixel	124	144	3026.67	2027	24	13.33	0
228	pixel	124	145	756.67	1464	23	13.33	0
229	pixel	124	146	1001.33	1542	24	13.33	0
230	pixel	124	147	2141.33	636	25	13.33	0
231	pixel	124	148	2085.33	613	26	13.33	0
232	pixel	124	149	1053.33	406.00	25	13.33	0
233	pixel	124	150	1038.33	359.00	26	13.33	0
234	pixel	124	151	2623.33	1057	25	13.33	0
235	pixel	124	152	2607.33	1055	26	13.33	0
236	pixel	124	153	1669.33	1894	25	13.33	0
237	pixel	124	154	1841.33	1950	26	13.33	0
238	pixel	124	155	896.33	1514	25	13.33	0
239	pixel	124	156	1046.33	1521	26	13.33	0
240	pixel	124	157	906.33	1631	25	13.33	0
241	pixel	124	158	1066.33	1648	26	13.33	0
242	pixel	124	159	2912.33	1310	26	13.33	0
243	pixel	124	160	2961.33	1309	25	13.33	0
244	pixel	124	161	2103.33	2275	26	13.33	0
245	pixel	124	162	1942.33	2197	25	13.33	0
246	pixel	124	163	1211.33	788	27	13.33	0
247	pixel	124	164	1124.33	772	28	13.33	0
248	pixel	124	165	1934.33	971	28	13.33	0
249	pixel	124	166	2034.33	978	27	13.33	0
250	pixel	124	167	1661.33	709	27	13.33	0
251	pixel	124	168	1570.33	688	28	13.33	0
252	pixel	124	169	1021.33	1682	27	13.33	0
253	pixel	124	170	1086.33	1649	28	13.33	0
254	pixel	124	171	1778.33	1493	27	13.33	0
255	pixel	124	172	1748.33	1436	28	13.33	0
256	pixel	124	173	1569.33	2166	27	13.33	0
257	pixel	124	174	1672.33	2158	28	13.33	0
258	pixel	124	175	1944.33	2162	28	13.33	0
259	pixel	124	176	1857.33	2177	27	13.33	0
260	pixel	127	1	2675.00	389	3	13.33	0
261	pixel	127	2	2636.67	411.67	4	13.33	0
262	pixel	127	3	1126.33	1424.67	4	13.33	0
263	pixel	127	4	920.00	1293.67	3	13.33	0
264	pixel	127	5	2277.67	1671.67	6	13.33	0
265	pixel	127	6	2183.67	1601.67	5	13.33	0
266	pixel	127	7	1573.67	1213.67	8	13.33	0
267	pixel	127	8	1556.67	1148.67	7	13.33	0
268	pixel	127	9	1828.67	1651.67	8	13.33	0
269	pixel	127	10	1782.67	1595.67	7	13.33	0
270	pixel	127	11	2546.67	1378.67	8	13.33	0
271	pixel	127	12	2520.67	1319.67	7	13.33	0
272	pixel	127	13	1942.67	619.67	9	13.33	0
273	pixel	127	14	1835.67	657.67	10	13.33	0
274	pixel	127	15	1310.67	879.67	13	13.33	0
275	pixel	127	16	1233.67	829.67	14	13.33	0
276	pixel	127	17	1343.67	2055.67	20	13.33	0
277	pixel	127	18	1186.67	1982.67	19	13.33	0
278	pixel	127	19	2757.67	1346.67	21	13.33	0
279	pixel	127	20	2740.67	1523.67	22	13.33	0
280	pixel	127	21	2340.67	2141.67	21	13.33	0
281	pixel	127	22	2415.67	2301.67	22	13.33	0
282	pixel	127	23	1689.67	746.67	26	13.33	0
283	pixel	127	24	1756.67	760.67	25	13.33	0
284	pixel	127	25	2847.67	542.67	28	13.33	0
285	pixel	127	26	3054.67	599.67	27	13.33	0
286	pixel	127	27	2287.67	1897.67	29	13.33	0
287	pixel	127	28	2495.67	1825.67	30	13.33	0
288	pixel	130	1	1689	802.00	1	13.33	0
289	pixel	130	2	2484.67	1076.67	2	13.33	0
290	pixel	130	3	2327.67	1088.67	1	13.33	0
291	pixel	130	4	3265.67	2408.67	3	13.33	0
292	pixel	130	5	73.67	738.67	7	13.33	0
293	pixel	130	6	81.33	865.33	8	13.33	0
294	pixel	130	7	2944.33	1360.33	10	13.33	0
295	pixel	130	8	1415.33	1780.33	14	13.33	0
296	pixel	130	9	1073.33	1785.33	13	13.33	0
297	pixel	130	10	2282.33	1914.33	14	13.33	0
298	pixel	130	11	2149.33	1023.33	15	13.33	0
299	pixel	130	12	2061.33	1261.33	25	13.33	0
300	pixel	130	13	1122.33	1913.33	25	13.33	0
