 	units	id	index	x	y	z	radius	name-id
1	pixel	106	1	2110.00	1174.00	3	13.33	0
2	pixel	106	2	2092.67	2221.67	4	13.33	0
3	pixel	106	3	2798.33	2306.67	4	13.33	0
4	pixel	106	4	1546.33	1978.67	8	13.33	0
5	pixel	106	5	1671.00	1914.67	12	13.33	0
6	pixel	106	6	1262.00	1832.67	11	13.33	0
7	pixel	106	7	1480.67	1109.67	16	13.33	0
8	pixel	106	8	2586.67	2093.33	19	13.33	0
9	pixel	106	9	2056.67	794.33	22	13.33	0
10	pixel	106	10	1946.67	1469.00	23	13.33	0
11	pixel	106	11	1923.67	1136.00	27	13.33	0
12	pixel	106	12	1826.67	491.00	28	13.33	0
13	pixel	106	13	2677.67	1983.67	28	13.33	0
14	pixel	109	1	1523.00	931.00	3	13.33	0
15	pixel	109	2	2281.67	1265.67	4	13.33	0
16	pixel	109	3	2512.67	846.67	4	13.33	0
17	pixel	109	4	1801.67	649.33	3	13.33	0
18	pixel	109	5	2446.67	1362	4	13.33	0
19	pixel	109	6	1892.67	702.00	7	13.33	0
20	pixel	109	7	2211.67	990.00	7	13.33	0
21	pixel	109	8	2362.67	620.00	8	13.33	0
22	pixel	109	9	1922.67	2013.67	7	13.33	0
23	pixel	109	10	1840.67	1666.67	7	13.33	0
24	pixel	109	11	1428.67	1469.67	7	13.33	0
25	pixel	109	12	2267.33	1294.67	8	13.33	0
26	pixel	109	13	1300.33	1074.67	9	13.33	0
27	pixel	109	14	1291.00	960.67	12	13.33	0
28	pixel	109	15	1351.67	742.67	11	13.33	0
29	pixel	109	16	1736.67	1120.67	11	13.33	0
30	pixel	109	17	2223.67	844.67	12	13.33	0
31	pixel	109	18	2039.67	1461.67	11	13.33	0
32	pixel	109	19	2581.67	493.67	11	13.33	0
33	pixel	109	20	1754.67	844.33	16	13.33	0
34	pixel	109	21	1484.67	1452.33	15	13.33	0
35	pixel	109	22	1164.67	1745.33	15	13.33	0
36	pixel	109	23	2448.33	1291.33	15	13.33	0
37	pixel	109	24	1451.33	2009.33	15	13.33	0
38	pixel	109	25	2012.33	2021.33	16	13.33	0
39	pixel	109	26	2032.33	1515.33	17	13.33	0
40	pixel	109	27	1861.33	1382.33	18	13.33	0
41	pixel	109	28	1596.33	1832.33	18	13.33	0
42	pixel	109	29	1545.33	610.33	19	13.33	0
43	pixel	109	30	1748.33	801.33	20	13.33	0
44	pixel	109	31	1473.33	851.33	19	13.33	0
45	pixel	109	32	2008.33	738.33	20	13.33	0
46	pixel	109	33	1462.33	1912.33	20	13.33	0
47	pixel	109	34	1707.33	1250.33	20	13.33	0
48	pixel	109	35	2621.33	477.33	20	13.33	0
49	pixel	109	36	2543.33	1135	21	13.33	0
50	pixel	109	37	2096.33	1867.00	22	13.33	0
51	pixel	109	38	1453.33	1611.00	21	13.33	0
52	pixel	109	39	1111.33	1327	21	13.33	0
53	pixel	109	40	2639.00	1851.00	22	13.33	0
54	pixel	109	41	1216.00	2025.00	21	13.33	0
55	pixel	109	42	2121.00	1994.00	21	13.33	0
56	pixel	109	43	1596.00	897.00	23	13.33	0
57	pixel	109	44	2483.00	656.00	24	13.33	0
58	pixel	109	45	2416.00	1312	23	13.33	0
59	pixel	109	46	2618.00	1059	23	13.33	0
60	pixel	109	47	2355.00	692.00	26	13.33	0
61	pixel	109	48	2287.00	560.00	26	13.33	0
62	pixel	109	49	2624.00	972.00	25	13.33	0
63	pixel	109	50	2089.00	935.00	26	13.33	0
64	pixel	109	51	1470.00	1505.00	26	13.33	0
65	pixel	109	52	1675.00	1620.00	26	13.33	0
66	pixel	109	53	2916.00	1486.00	25	13.33	0
67	pixel	109	54	2578.00	1665.00	25	13.33	0
68	pixel	109	55	1084.00	2183	26	13.33	0
69	pixel	109	56	2153.67	1807.00	25	13.33	0
70	pixel	109	57	1860.67	2117	26	13.33	0
71	pixel	109	58	2699.67	2207	25	13.33	0
72	pixel	109	59	1844.67	374.00	26	13.33	0
73	pixel	109	60	1243.67	406.67	25	13.33	0
74	pixel	109	61	1366.67	2194.67	25	13.33	0
75	pixel	109	62	2812.67	504.67	26	13.33	0
76	pixel	109	63	926.67	1787.67	28	13.33	0
77	pixel	109	64	2457.33	1394.67	28	13.33	0
78	pixel	109	65	2740.33	1649.67	28	13.33	0
79	pixel	109	66	2032.33	2086.67	28	13.33	0
80	pixel	112	1	1258	738	4	13.33	0
81	pixel	112	2	1324.67	599.67	3	13.33	0
82	pixel	112	3	1702.67	1153.33	3	13.33	0
83	pixel	112	4	1678.67	1257.33	4	13.33	0
84	pixel	112	5	2019.67	671.33	4	13.33	0
85	pixel	112	6	2060.67	592.33	3	13.33	0
86	pixel	112	7	1413.67	478.00	4	13.33	0
87	pixel	112	8	1508.67	355.67	3	13.33	0
88	pixel	112	9	1361.67	1841.33	3	13.33	0
89	pixel	112	10	1423.67	1992.33	4	13.33	0
90	pixel	112	11	2522.67	1541.33	3	13.33	0
91	pixel	112	12	2575.67	1568.33	4	13.33	0
92	pixel	112	13	1790.67	2011.33	3	13.33	0
93	pixel	112	14	1827.67	2100.33	4	13.33	0
94	pixel	112	15	1707.67	775.33	7	13.33	0
95	pixel	112	16	1624.67	726.33	8	13.33	0
96	pixel	112	17	2299.67	1091.33	7	13.33	0
97	pixel	112	18	2208.67	1010.33	8	13.33	0
98	pixel	112	19	2428.67	1100.33	8	13.33	0
99	pixel	112	20	2540.67	1185.33	7	13.33	0
100	pixel	112	21	1155.67	1215.33	7	13.33	0
101	pixel	112	22	1053.33	1252.33	8	13.33	0
102	pixel	112	23	1755.00	1592.33	7	13.33	0
103	pixel	112	24	1668.00	1578.33	8	13.33	0
104	pixel	112	25	1985	1333.33	8	13.33	0
105	pixel	112	26	2070.00	1401.33	7	13.33	0
106	pixel	112	27	2441.00	1727.33	8	13.33	0
107	pixel	112	28	2467.00	1817.33	7	13.33	0
108	pixel	112	29	2095.00	2134.33	7	13.33	0
109	pixel	112	30	2013	2129.33	8	13.33	0
110	pixel	112	31	1801.00	288.33	8	13.33	0
111	pixel	112	32	1904.00	374.00	7	13.33	0
112	pixel	112	33	1147	1149	9	13.33	0
113	pixel	112	34	1033	991	9	13.33	0
114	pixel	112	35	1031.67	1026	10	13.33	0
115	pixel	112	36	1146.33	1193	10	13.33	0
116	pixel	112	37	1018.33	1070	9	13.33	0
117	pixel	112	38	1014	1127	10	13.33	0
118	pixel	112	39	1924.67	785	11	13.33	0
119	pixel	112	40	1909.67	638	11	13.33	0
120	pixel	112	41	1797.67	677	12	13.33	0
121	pixel	112	42	1806.67	821	12	13.33	0
122	pixel	112	43	1643.67	575	11	13.33	0
123	pixel	112	44	1465.67	643	12	13.33	0
124	pixel	112	45	1493.67	554	12	13.33	0
125	pixel	112	46	1659.67	486.00	11	13.33	0
126	pixel	112	47	2151.67	602	12	13.33	0
127	pixel	112	48	2293.67	607	11	13.33	0
128	pixel	112	49	2203.67	402.00	12	13.33	0
129	pixel	112	50	2385.67	414.00	11	13.33	0
130	pixel	112	51	2660.67	1588	11	13.33	0
131	pixel	112	52	2588.67	1568	12	13.33	0
132	pixel	112	53	1523.67	2038	11	13.33	0
133	pixel	112	54	1524.67	2156	12	13.33	0
134	pixel	112	55	2673.67	357.00	12	13.33	0
135	pixel	112	56	2825.67	368.00	11	13.33	0
136	pixel	112	57	1656.67	877	15	13.33	0
137	pixel	112	58	1924.67	920	16	13.33	0
138	pixel	112	59	1832.67	1143	16	13.33	0
139	pixel	112	60	1562.67	1071	15	13.33	0
140	pixel	112	61	1215.67	959	16	13.33	0
141	pixel	112	62	928.67	837	15	13.33	0
142	pixel	112	63	1134.33	1007	15	13.33	0
143	pixel	112	64	1422.33	1113	16	13.33	0
144	pixel	112	65	753.33	1740	15	13.33	0
145	pixel	112	66	1147	1892	16	13.33	0
146	pixel	112	67	1632	1682	16	13.33	0
147	pixel	112	68	1339	1597	15	13.33	0
148	pixel	112	69	1191	1540	16	13.33	0
149	pixel	112	70	847	1392	15	13.33	0
150	pixel	112	71	2648	1574	16	13.33	0
151	pixel	112	72	2290	1562	15	13.33	0
152	pixel	112	73	2221	1757	15	13.33	0
153	pixel	112	74	2606	1781	16	13.33	0
154	pixel	112	75	3156	1701	16	13.33	0
155	pixel	112	76	2792	1708	15	13.33	0
156	pixel	112	77	2817	915	16	13.33	0
157	pixel	112	78	2521	924	15	13.33	0
158	pixel	112	79	2865	697	15	13.33	0
159	pixel	112	80	3185	649	16	13.33	0
160	pixel	112	81	1978	373.00	15	13.33	0
161	pixel	112	82	2226	400.00	16	13.33	0
162	pixel	112	83	1154	1316	18	13.33	0
163	pixel	112	84	1186	1347	17	13.33	0
164	pixel	112	85	945	1471	17	13.33	0
165	pixel	112	86	893	1409	18	13.33	0
166	pixel	112	87	1424	1683	18	13.33	0
167	pixel	112	88	1429	1777	17	13.33	0
168	pixel	112	89	1633	1712	18	13.33	0
169	pixel	112	90	1606	1856	17	13.33	0
170	pixel	112	91	1958	1693	18	13.33	0
171	pixel	112	92	1938	1837	17	13.33	0
172	pixel	112	93	2170	1831	17	13.33	0
173	pixel	112	94	2181	1656	18	13.33	0
174	pixel	112	95	2791	1181	18	13.33	0
175	pixel	112	96	2933	1075	18	13.33	0
176	pixel	112	97	2977	1375	17	13.33	0
177	pixel	112	98	2787	1455	17	13.33	0
178	pixel	112	99	2699	1421	18	13.33	0
179	pixel	112	100	2709	1687	17	13.33	0
180	pixel	112	101	2277	1679	17	13.33	0
181	pixel	112	102	2367	1372	18	13.33	0
182	pixel	112	103	2625	1920	17	13.33	0
183	pixel	112	104	2653	1681	18	13.33	0
184	pixel	112	105	2006	878	19	13.33	0
185	pixel	112	106	2153	894	20	13.33	0
186	pixel	112	107	1913	1122	20	13.33	0
187	pixel	112	108	1741	1076	19	13.33	0
188	pixel	112	109	2789	1040	20	13.33	0
189	pixel	112	110	2642	1108	19	13.33	0
190	pixel	112	111	2417	1262	20	13.33	0
191	pixel	112	112	2259	1272	19	13.33	0
192	pixel	112	113	1576	1571	19	13.33	0
193	pixel	112	114	1780	1644	20	13.33	0
194	pixel	112	115	2348	1384	20	13.33	0
195	pixel	112	116	2152	1349	19	13.33	0
196	pixel	112	117	2244	1911	20	13.33	0
197	pixel	112	118	2030	1885	19	13.33	0
198	pixel	112	119	2577	1421	19	13.33	0
199	pixel	112	120	2766	1395	20	13.33	0
200	pixel	112	121	1740	2157	20	13.33	0
201	pixel	112	122	1498	2072	19	13.33	0
202	pixel	112	123	834	2097	19	13.33	0
203	pixel	112	124	1089	2260	20	13.33	0
204	pixel	112	125	785	1614	19	13.33	0
205	pixel	112	126	1032	1765	20	13.33	0
206	pixel	112	127	766	1981	19	13.33	0
207	pixel	112	128	1007	2144	20	13.33	0
208	pixel	112	129	2573	2228	20	13.33	0
209	pixel	112	130	2327	2222	19	13.33	0
210	pixel	112	131	2739	2321	19	13.33	0
211	pixel	112	132	2948	2281	20	13.33	0
212	pixel	112	133	1314	763	21	13.33	0
213	pixel	112	134	1264	814	22	13.33	0
214	pixel	112	135	1711	873	22	13.33	0
215	pixel	112	136	1701	866	21	13.33	0
216	pixel	112	137	1368	1257	22	13.33	0
217	pixel	112	138	1361	1200	21	13.33	0
218	pixel	112	139	1501	1042	21	13.33	0
219	pixel	112	140	1485	1053	22	13.33	0
220	pixel	112	141	1077	1249	22	13.33	0
221	pixel	112	142	1077	1176	21	13.33	0
222	pixel	112	143	1931	993	22	13.33	0
223	pixel	112	144	1950	1023	21	13.33	0
224	pixel	112	145	1495	1305	21	13.33	0
225	pixel	112	146	1497	1361	22	13.33	0
226	pixel	112	147	2087	1555	22	13.33	0
227	pixel	112	148	1993	1569	21	13.33	0
228	pixel	112	149	1928	1917	22	13.33	0
229	pixel	112	150	1834	1907	21	13.33	0
230	pixel	112	151	2106	1432	21	13.33	0
231	pixel	112	152	2129	1406	22	13.33	0
232	pixel	112	153	2572	1522	22	13.33	0
233	pixel	112	154	2538	1577	21	13.33	0
234	pixel	112	155	2603	1531	21	13.33	0
235	pixel	112	156	2684	1466	22	13.33	0
236	pixel	112	157	2873	1687	22	13.33	0
237	pixel	112	158	2750	1728	21	13.33	0
238	pixel	112	159	1671	2193	21	13.33	0
239	pixel	112	160	1751	2246	22	13.33	0
240	pixel	112	161	1495	549	23	13.33	0
241	pixel	112	162	1379	587	24	13.33	0
242	pixel	112	163	1311	387.00	23	13.33	0
243	pixel	112	164	1169	399.00	24	13.33	0
244	pixel	112	165	2250	1448	23	13.33	0
245	pixel	112	166	2213	1421	24	13.33	0
246	pixel	112	167	2443	1425	23	13.33	0
247	pixel	112	168	2404	1321	24	13.33	0
248	pixel	112	169	2580	1786	23	13.33	0
249	pixel	112	170	2566	1649	24	13.33	0
250	pixel	112	171	2274	689	25	13.33	0
251	pixel	112	172	2044	595	26	13.33	0
252	pixel	112	173	1695	1112	25	13.33	0
253	pixel	112	174	1459	1099	26	13.33	0
254	pixel	112	175	1306	1597	25	13.33	0
255	pixel	112	176	1105	1658	26	13.33	0
256	pixel	112	177	2231	1209	26	13.33	0
257	pixel	112	178	2436	1294	25	13.33	0
258	pixel	112	179	2356	1553	26	13.33	0
259	pixel	112	180	2490	1686	25	13.33	0
260	pixel	112	181	1920	1640	26	13.33	0
261	pixel	112	182	2058	1681	25	13.33	0
262	pixel	112	183	1707	2138	26	13.33	0
263	pixel	112	184	1754	2234	25	13.33	0
264	pixel	112	185	2347	1746	26	13.33	0
265	pixel	112	186	2455	1869	25	13.33	0
266	pixel	112	187	3029	1827	25	13.33	0
267	pixel	112	188	2924	1617	26	13.33	0
268	pixel	112	189	2781	1029	25	13.33	0
269	pixel	112	190	2572	812	26	13.33	0
270	pixel	112	191	1512	741	28	13.33	0
271	pixel	112	192	1804	897	27	13.33	0
272	pixel	112	193	1348	960	27	13.33	0
273	pixel	112	194	1078	843	28	13.33	0
274	pixel	112	195	1114	667	28	13.33	0
275	pixel	112	196	1375	785	27	13.33	0
276	pixel	112	197	1392	1235	27	13.33	0
277	pixel	112	198	1114	1123	28	13.33	0
278	pixel	112	199	2764	815	27	13.33	0
279	pixel	112	200	2479	513	28	13.33	0
280	pixel	112	201	2650	538	28	13.33	0
281	pixel	112	202	2993	875	27	13.33	0
282	pixel	112	203	1514	1556	27	13.33	0
283	pixel	112	204	1265	1440	28	13.33	0
284	pixel	112	205	2315	1950	27	13.33	0
285	pixel	112	206	1870	1912	27	13.33	0
286	pixel	112	207	1654	1756	28	13.33	0
287	pixel	112	208	2092	1711	28	13.33	0
288	pixel	112	209	2311	2117	28	13.33	0
289	pixel	112	210	2444	2384	27	13.33	0
290	pixel	112	211	2919	2545	27	13.33	0
291	pixel	112	212	2793	2204	28	13.33	0
292	pixel	112	213	2683	2606	27	13.33	0
293	pixel	112	214	2586	2308	28	13.33	0
294	pixel	115	1	1974.00	582	3	13.33	0
295	pixel	115	2	1912.67	661.67	4	13.33	0
296	pixel	115	3	1374.33	356.67	4	13.33	0
297	pixel	115	4	1310.00	258.33	3	13.33	0
298	pixel	115	5	2641.67	1276	3	13.33	0
299	pixel	115	6	2628.67	1253	4	13.33	0
300	pixel	115	7	2810.67	462.00	3	13.33	0
301	pixel	115	8	2768.67	516	4	13.33	0
302	pixel	115	9	1793.67	774	8	13.33	0
303	pixel	115	10	1924.67	857	7	13.33	0
304	pixel	115	11	1495.67	1057	7	13.33	0
305	pixel	115	12	1373.67	1027	8	13.33	0
306	pixel	115	13	2770.67	1459	8	13.33	0
307	pixel	115	14	2839.67	1552	7	13.33	0
308	pixel	115	15	1557.67	1230	10	13.33	0
309	pixel	115	16	1543.67	1207	9	13.33	0
310	pixel	115	17	2297.67	1648	12	13.33	0
311	pixel	115	18	2345.67	1634	11	13.33	0
312	pixel	115	19	1668.67	472.00	15	13.33	0
313	pixel	115	20	1912.67	476.00	16	13.33	0
314	pixel	115	21	1683.67	2283	15	13.33	0
315	pixel	115	22	2139.67	2373	16	13.33	0
316	pixel	115	23	2912.67	2080	17	13.33	0
317	pixel	115	24	2942.67	1806	18	13.33	0
318	pixel	115	25	2151.67	974	20	13.33	0
319	pixel	115	26	2032.67	948	19	13.33	0
320	pixel	115	27	2585.67	1914	24	13.33	0
321	pixel	115	28	2601.67	2017	23	13.33	0
322	pixel	115	29	2873.67	989	26	13.33	0
323	pixel	115	30	3084.67	1207	25	13.33	0
324	pixel	115	31	2178.67	1073	27	13.33	0
325	pixel	115	32	1931.67	865	28	13.33	0
326	pixel	115	33	1130.67	1900	27	13.33	0
327	pixel	115	34	1316.33	1595	28	13.33	0
328	pixel	115	35	1549.33	1724	27	13.33	0
329	pixel	115	36	2405.33	1334	28	13.33	0
330	pixel	115	37	2616.33	1616	27	13.33	0
331	pixel	118	1	2099	1217	4	13.33	0
332	pixel	118	2	1784.67	653.67	8	13.33	0
333	pixel	118	3	1810.33	1104.33	8	13.33	0
334	pixel	118	4	1624.33	1979.33	7	13.33	0
335	pixel	118	5	1946	1471.33	12	13.33	0
