 	units	id	index	x	y	z	radius	name-id
1	pixel	78	1	2069	1281	6	13.33	0
2	pixel	78	2	2524.67	634.67	7	13.33	0
3	pixel	78	3	1509.67	1177.33	10	13.33	0
4	pixel	78	4	2099.33	586.33	10	13.33	0
5	pixel	78	5	2408.33	584.00	10	13.33	0
6	pixel	78	6	2796.33	1366.67	10	13.33	0
7	pixel	78	7	2768.33	1433.67	9	13.33	0
8	pixel	78	8	2541.33	1779.67	10	13.33	0
9	pixel	78	9	1974.33	556.67	16	13.33	0
10	pixel	78	10	1489.33	1660.33	15	13.33	0
11	pixel	81	1	2711	2055	1	13.33	0
12	pixel	81	2	1669.67	1613.67	6	13.33	0
13	pixel	81	3	1110.33	750.33	8	13.33	0
14	pixel	81	4	2174	839.00	7	13.33	0
15	pixel	81	5	2079	384.00	7	13.33	0
16	pixel	81	6	1205.00	1147.67	8	13.33	0
17	pixel	81	7	2636	1377.67	7	13.33	0
18	pixel	81	8	2467	1443.67	7	13.33	0
19	pixel	81	9	2621	923.67	7	13.33	0
20	pixel	81	10	2094	1009.67	10	13.33	0
21	pixel	81	11	2407	1872.67	10	13.33	0
22	pixel	81	12	1282.00	1861.67	9	13.33	0
23	pixel	81	13	2749	1988.67	10	13.33	0
24	pixel	81	14	1655.00	735.67	14	13.33	0
25	pixel	81	15	1637.00	1311.67	14	13.33	0
26	pixel	81	16	2109	422.67	14	13.33	0
27	pixel	81	17	1410	1075.67	15	13.33	0
28	pixel	81	18	1584.00	1071.67	16	13.33	0
29	pixel	81	19	2580	1036.67	15	13.33	0
30	pixel	81	20	2378	1022.67	15	13.33	0
31	pixel	81	21	1378	1487.67	15	13.33	0
32	pixel	81	22	1074.00	1070.67	15	13.33	0
33	pixel	81	23	1039.67	1626.67	16	13.33	0
34	pixel	81	24	2912.33	2111.67	15	13.33	0
35	pixel	81	25	2043.33	1369.67	17	13.33	0
36	pixel	81	26	1082.33	1628.67	17	13.33	0
37	pixel	81	27	1411.33	1521.67	17	13.33	0
38	pixel	81	28	2318.33	543.67	20	13.33	0
39	pixel	81	29	2707.33	920.67	19	13.33	0
40	pixel	84	1	1372.00	612.00	1	13.33	0
41	pixel	84	2	1341.67	704.67	2	13.33	0
42	pixel	84	3	2118.33	939.67	1	13.33	0
43	pixel	84	4	2104.33	1003.67	2	13.33	0
44	pixel	84	5	1997.33	1200.67	2	13.33	0
45	pixel	84	6	1982.33	1128.67	1	13.33	0
46	pixel	84	7	1491.33	1990.67	1	13.33	0
47	pixel	84	8	1495.33	2052.67	2	13.33	0
48	pixel	84	9	2815.33	1527.67	1	13.33	0
49	pixel	84	10	2848.33	1541.67	2	13.33	0
50	pixel	84	11	1879.33	2288.67	1	13.33	0
51	pixel	84	12	1924.33	2317.67	2	13.33	0
52	pixel	84	13	2504.33	1125.67	3	13.33	0
53	pixel	84	14	2432.33	955.67	4	13.33	0
54	pixel	84	15	2611.33	435.67	3	13.33	0
55	pixel	84	16	2528.33	245.33	4	13.33	0
56	pixel	84	17	2490.33	2239	3	13.33	0
57	pixel	84	18	2496.33	2087	4	13.33	0
58	pixel	84	19	2222.33	2417	3	13.33	0
59	pixel	84	20	2227.33	2265	4	13.33	0
60	pixel	84	21	1068.33	698	5	13.33	0
61	pixel	84	22	730.00	572.00	6	13.33	0
62	pixel	84	23	1134.67	1191	5	13.33	0
63	pixel	84	24	784.67	1068	6	13.33	0
64	pixel	84	25	2542.67	1326.00	5	13.33	0
65	pixel	84	26	2262.67	1160	6	13.33	0
66	pixel	84	27	3044.67	581.00	5	13.33	0
67	pixel	84	28	2768.67	405.00	6	13.33	0
68	pixel	84	29	2233.67	1336.00	6	13.33	0
69	pixel	84	30	2519.67	1498.00	5	13.33	0
70	pixel	84	31	2212.67	1468.00	5	13.33	0
71	pixel	84	32	1873.67	1321.00	6	13.33	0
72	pixel	84	33	1952.67	1565.00	5	13.33	0
73	pixel	84	34	1664.67	1416.00	6	13.33	0
74	pixel	84	35	1022.67	2203	5	13.33	0
75	pixel	84	36	719.67	2074	6	13.33	0
76	pixel	84	37	1347.33	765	7	13.33	0
77	pixel	84	38	1404.33	654.00	8	13.33	0
78	pixel	84	39	2369.33	595.00	8	13.33	0
79	pixel	84	40	2327.33	760	7	13.33	0
80	pixel	84	41	1883.33	1443.00	8	13.33	0
81	pixel	84	42	1801.33	1581.00	7	13.33	0
82	pixel	84	43	1877.33	1876.00	7	13.33	0
83	pixel	84	44	1957.33	1747.00	8	13.33	0
84	pixel	84	45	1147.33	1484.00	7	13.33	0
85	pixel	84	46	1177.33	1377.00	8	13.33	0
86	pixel	84	47	3130.33	1816.00	7	13.33	0
87	pixel	84	48	2957.33	1923.00	8	13.33	0
88	pixel	84	49	1989.33	2022.00	7	13.33	0
89	pixel	84	50	2027.33	1918.00	8	13.33	0
90	pixel	84	51	2856.33	2141	7	13.33	0
91	pixel	84	52	3170.33	2272	8	13.33	0
92	pixel	84	53	1525.33	735	10	13.33	0
93	pixel	84	54	1557.33	649.00	9	13.33	0
94	pixel	84	55	1439.33	876	9	13.33	0
95	pixel	84	56	1427.33	990	10	13.33	0
96	pixel	84	57	1323.33	482.00	10	13.33	0
97	pixel	84	58	1303.33	398.00	9	13.33	0
98	pixel	84	59	1915.33	736	9	13.33	0
99	pixel	84	60	1986.33	716	9	13.33	0
100	pixel	84	61	1880.33	827	10	13.33	0
101	pixel	84	62	1955.33	808	10	13.33	0
102	pixel	84	63	1921.33	1081	9	13.33	0
103	pixel	84	64	1884.33	1156	10	13.33	0
104	pixel	84	65	2425.33	521.00	9	13.33	0
105	pixel	84	66	1655.33	1467.00	9	13.33	0
106	pixel	84	67	1644.33	1585.00	10	13.33	0
107	pixel	84	68	1895.33	1569.00	10	13.33	0
108	pixel	84	69	1895.33	1445.00	9	13.33	0
109	pixel	84	70	1141.33	1529.00	10	13.33	0
110	pixel	84	71	1171.33	1414.00	9	13.33	0
111	pixel	84	72	1057.33	1653.00	9	13.33	0
112	pixel	84	73	1028.33	1851.00	10	13.33	0
113	pixel	84	74	1708.33	2237	10	13.33	0
114	pixel	84	75	1742.33	2088	9	13.33	0
115	pixel	84	76	2652.33	2118	9	13.33	0
116	pixel	84	77	2582.33	2213	10	13.33	0
117	pixel	84	78	1436.33	1137	13	13.33	0
118	pixel	84	79	1695.33	1241.00	14	13.33	0
119	pixel	84	80	872.33	1701.00	13	13.33	0
120	pixel	84	81	1143.33	1874.00	14	13.33	0
121	pixel	84	82	1416.33	2170	13	13.33	0
122	pixel	84	83	1696.33	2295	14	13.33	0
123	pixel	84	84	1006.33	2050	13	13.33	0
124	pixel	84	85	1296.33	2213	14	13.33	0
125	pixel	84	86	1989.33	403.00	13	13.33	0
126	pixel	84	87	1356.33	819	15	13.33	0
127	pixel	84	88	1346.33	603.00	16	13.33	0
128	pixel	84	89	2194.33	363.00	16	13.33	0
129	pixel	84	90	2232.33	460.00	15	13.33	0
130	pixel	84	91	2501.33	1176	16	13.33	0
131	pixel	84	92	2446.33	1327.00	15	13.33	0
132	pixel	84	93	2323.33	1724.00	16	13.33	0
133	pixel	84	94	2310.33	1822.00	15	13.33	0
134	pixel	84	95	2709.33	1750.00	15	13.33	0
135	pixel	84	96	2760.33	1613.00	16	13.33	0
136	pixel	84	97	2657.33	1514.00	15	13.33	0
137	pixel	84	98	2699.33	1374.00	16	13.33	0
138	pixel	84	99	2731.33	188.00	18	13.33	0
139	pixel	84	100	2566.33	352.67	17	13.33	0
140	pixel	84	101	1942.33	925.67	17	13.33	0
141	pixel	84	102	2143.33	892.67	18	13.33	0
142	pixel	84	103	2387.33	636.67	17	13.33	0
143	pixel	84	104	2529.33	464.67	18	13.33	0
144	pixel	84	105	1887.33	1434.67	17	13.33	0
145	pixel	84	106	2052.33	1296.67	18	13.33	0
146	pixel	84	107	1538.33	1401.67	17	13.33	0
147	pixel	84	108	1702.33	1270.67	18	13.33	0
148	pixel	84	109	1046.33	1486.67	18	13.33	0
149	pixel	84	110	865.33	1573.67	17	13.33	0
150	pixel	84	111	1089.33	521.67	19	13.33	0
151	pixel	84	112	824.33	689.67	20	13.33	0
152	pixel	84	113	2955.33	724.67	19	13.33	0
153	pixel	84	114	2797.33	919.67	20	13.33	0
154	pixel	84	115	3123.33	968.67	19	13.33	0
155	pixel	84	116	2952.33	1100.67	20	13.33	0
156	pixel	84	117	2758.33	1753.67	19	13.33	0
157	pixel	84	118	2681.33	1982.67	20	13.33	0
158	pixel	84	119	2362.33	1766.67	19	13.33	0
159	pixel	84	120	2172.33	1874.67	20	13.33	0
160	pixel	87	1	2325	1098	10	13.33	0
161	pixel	87	2	2345.67	997.67	9	13.33	0
162	pixel	87	3	2506.67	2200.33	11	13.33	0
163	pixel	87	4	2789.67	2088.33	12	13.33	0
164	pixel	87	5	2818.67	1794.33	11	13.33	0
165	pixel	87	6	3081.67	1694.33	12	13.33	0
166	pixel	87	7	1378.67	817.33	13	13.33	0
167	pixel	87	8	1607.33	945	14	13.33	0
168	pixel	87	9	1662.33	2066	13	13.33	0
169	pixel	87	10	1952.33	2210	14	13.33	0
170	pixel	87	11	2228.33	487	14	13.33	0
171	pixel	87	12	1908.33	698.67	16	13.33	0
172	pixel	87	13	1929.33	876.67	15	13.33	0
173	pixel	87	14	1355.33	498.67	15	13.33	0
174	pixel	87	15	1373	380.67	16	13.33	0
175	pixel	87	16	2281	221.33	18	13.33	0
176	pixel	87	17	2157	381	17	13.33	0
177	pixel	87	18	1133	734	19	13.33	0
178	pixel	87	19	863.67	930	20	13.33	0
179	pixel	87	20	2682.33	1995	19	13.33	0
180	pixel	87	21	2582.33	2166	20	13.33	0
181	pixel	92	1	1751	519	1	13.33	0
182	pixel	92	2	2179.67	560.67	1	13.33	0
183	pixel	92	3	1882.67	1810.67	1	13.33	0
184	pixel	92	4	1893.67	1880.67	1	13.33	0
185	pixel	92	5	1445.67	2034.67	18	13.33	0
186	pixel	92	6	2545.33	1095.67	20	13.33	0
187	pixel	92	7	2025.33	1624.67	20	13.33	0
