 	units	id	index	x	y	z	radius	name-id
1	pixel	112	1	1777.00	946	8	13.33	0
2	pixel	112	2	2446.67	796.67	7	13.33	0
3	pixel	112	3	1736.67	1809.33	10	13.33	0
4	pixel	112	4	1680.33	448.33	15	13.33	0
5	pixel	112	5	2638	2259	16	13.33	0
6	pixel	112	6	1742.00	793	19	13.33	0
7	pixel	112	7	1401.00	2206	19	13.33	0
8	pixel	112	8	1923.67	1367	20	13.33	0
9	pixel	112	9	2114.67	1771	21	13.33	0
10	pixel	112	10	1041.67	487.00	26	13.33	0
11	pixel	112	11	2444.33	1451	27	13.33	0
12	pixel	112	12	1595.33	2036	27	13.33	0
13	pixel	112	13	1364.33	803	30	13.33	0
14	pixel	112	14	2536.33	908	29	13.33	0
15	pixel	112	15	1540.33	1436	30	13.33	0
16	pixel	112	16	2692.33	2234	30	13.33	0
17	pixel	112	17	1486.33	1622	29	13.33	0
18	pixel	115	1	1311	1442.00	1	13.33	0
19	pixel	115	2	2337.67	1506.67	1	13.33	0
20	pixel	115	3	2266.67	2096.67	2	13.33	0
21	pixel	115	4	2887.67	1631.67	2	13.33	0
22	pixel	115	5	1678.67	627.67	3	13.33	0
23	pixel	115	6	2408.67	1222.33	3	13.33	0
24	pixel	115	7	1776.67	814.33	4	13.33	0
25	pixel	115	8	2538.67	1034.33	4	13.33	0
26	pixel	115	9	1062.67	1992.33	4	13.33	0
27	pixel	115	10	2190.33	2260.33	3	13.33	0
28	pixel	115	11	2330.33	532.33	6	13.33	0
29	pixel	115	12	1592.33	1827.00	5	13.33	0
30	pixel	115	13	1585.33	1343.00	6	13.33	0
31	pixel	115	14	1097.33	2268	5	13.33	0
32	pixel	115	15	2448.33	1687.00	6	13.33	0
33	pixel	115	16	2392.33	1498.00	5	13.33	0
34	pixel	115	17	1480.33	1668.00	5	13.33	0
35	pixel	115	18	1119.33	1311.00	6	13.33	0
36	pixel	115	19	1354.33	1318.00	8	13.33	0
37	pixel	115	20	1228.33	1086.00	8	13.33	0
38	pixel	115	21	2765.33	556	7	13.33	0
39	pixel	115	22	2228.33	1713.00	8	13.33	0
40	pixel	115	23	2067.33	1322.00	8	13.33	0
41	pixel	115	24	2064.33	2257	7	13.33	0
42	pixel	115	25	2247.33	2179	8	13.33	0
43	pixel	115	26	1400.33	752	10	13.33	0
44	pixel	115	27	1008.33	1013.00	10	13.33	0
45	pixel	115	28	1489	1710.00	9	13.33	0
46	pixel	115	29	1627	989.00	10	13.33	0
47	pixel	115	30	1297	2269	10	13.33	0
48	pixel	115	31	1019.00	2233	9	13.33	0
49	pixel	115	32	1013.00	1797.00	10	13.33	0
50	pixel	115	33	1993	544	12	13.33	0
51	pixel	115	34	2284	479.00	11	13.33	0
52	pixel	115	35	1511	1444.67	11	13.33	0
53	pixel	115	36	2399	748.67	15	13.33	0
54	pixel	115	37	2886	807.67	15	13.33	0
55	pixel	115	38	2080	1780.67	16	13.33	0
56	pixel	115	39	2342	1749.67	16	13.33	0
57	pixel	115	40	1772	580.67	17	13.33	0
58	pixel	115	41	2557	1291.67	18	13.33	0
59	pixel	115	42	1600	475.67	17	13.33	0
60	pixel	115	43	1261	1609.33	17	13.33	0
61	pixel	115	44	1883	1744.33	18	13.33	0
62	pixel	115	45	1088	2301.33	18	13.33	0
63	pixel	115	46	1495	1613.33	20	13.33	0
64	pixel	115	47	1738	2082.33	20	13.33	0
65	pixel	115	48	1093	1978.33	19	13.33	0
66	pixel	115	49	2878	1869.33	20	13.33	0
67	pixel	115	50	2311	594.33	19	13.33	0
68	pixel	115	51	1662	461.33	21	13.33	0
69	pixel	115	52	1162	868	21	13.33	0
70	pixel	115	53	1083	1157	21	13.33	0
71	pixel	115	54	1452	1365	22	13.33	0
72	pixel	115	55	2836	1411	22	13.33	0
73	pixel	115	56	1351	1976	21	13.33	0
74	pixel	115	57	1594	1946	22	13.33	0
75	pixel	115	58	2301	1880	21	13.33	0
76	pixel	115	59	2477	2283	22	13.33	0
77	pixel	115	60	2531	2183	21	13.33	0
78	pixel	115	61	1283	1790	22	13.33	0
79	pixel	115	62	1397	2260	25	13.33	0
80	pixel	115	63	1476	2025	26	13.33	0
81	pixel	115	64	2088	1729	27	13.33	0
82	pixel	115	65	1130	1601	27	13.33	0
83	pixel	115	66	1547	1587	27	13.33	0
84	pixel	115	67	1506	2116	27	13.33	0
85	pixel	115	68	1643	563	29	13.33	0
86	pixel	115	69	2838	624	29	13.33	0
87	pixel	115	70	2108	1406	30	13.33	0
88	pixel	115	71	2332	1254	29	13.33	0
89	pixel	118	1	1357.00	1015.00	2	13.33	0
90	pixel	118	2	1304.67	1153.67	1	13.33	0
91	pixel	118	3	1308.33	416.67	2	13.33	0
92	pixel	118	4	1329.33	537.33	1	13.33	0
93	pixel	118	5	1220.33	642.33	1	13.33	0
94	pixel	118	6	1207.00	519.33	2	13.33	0
95	pixel	118	7	1405.67	737.33	1	13.33	0
96	pixel	118	8	1408.67	607.33	2	13.33	0
97	pixel	118	9	1516.67	366.33	2	13.33	0
98	pixel	118	10	1523.67	459	1	13.33	0
99	pixel	118	11	1939.67	758	2	13.33	0
100	pixel	118	12	1901.67	890.00	1	13.33	0
101	pixel	118	13	2380.67	987.00	2	13.33	0
102	pixel	118	14	2302.67	1127	1	13.33	0
103	pixel	118	15	2268.67	1259	2	13.33	0
104	pixel	118	16	2174.67	1418.00	1	13.33	0
105	pixel	118	17	2818.67	1142	1	13.33	0
106	pixel	118	18	2867.67	980.00	2	13.33	0
107	pixel	118	19	1965.67	1590.00	1	13.33	0
108	pixel	118	20	2063.67	1441.00	2	13.33	0
109	pixel	118	21	1265.67	1795.00	1	13.33	0
110	pixel	118	22	1366.67	1631.00	2	13.33	0
111	pixel	118	23	2259.67	1894.00	1	13.33	0
112	pixel	118	24	2435.67	1720.00	2	13.33	0
113	pixel	118	25	2727.67	1810.00	1	13.33	0
114	pixel	118	26	1255.67	1036	3	13.33	0
115	pixel	118	27	1249.67	934.00	4	13.33	0
116	pixel	118	28	1664.67	1040	3	13.33	0
117	pixel	118	29	1644.67	918.00	4	13.33	0
118	pixel	118	30	1871.67	1229	3	13.33	0
119	pixel	118	31	1872.67	1135	4	13.33	0
120	pixel	118	32	1523.67	628	3	13.33	0
121	pixel	118	33	1567.67	484	4	13.33	0
122	pixel	118	34	1015.67	1157	3	13.33	0
123	pixel	118	35	1013.33	1074	4	13.33	0
124	pixel	118	36	2283	484	4	13.33	0
125	pixel	118	37	2347	640	3	13.33	0
126	pixel	118	38	1040.00	1328.00	3	13.33	0
127	pixel	118	39	1031.00	1252	4	13.33	0
128	pixel	118	40	2605	1033	3	13.33	0
129	pixel	118	41	2576	864.00	4	13.33	0
130	pixel	118	42	1515.00	1872.00	3	13.33	0
131	pixel	118	43	1523.00	1793.00	4	13.33	0
132	pixel	118	44	1992	1872.00	3	13.33	0
133	pixel	118	45	1937.00	1767.00	4	13.33	0
134	pixel	118	46	2900	2436.00	3	13.33	0
135	pixel	118	47	2854	2282	4	13.33	0
136	pixel	118	48	2338	860.00	6	13.33	0
137	pixel	118	49	2294	1126	5	13.33	0
138	pixel	118	50	1494.00	879.00	5	13.33	0
139	pixel	118	51	1553.00	672	6	13.33	0
140	pixel	118	52	1740.00	1291	5	13.33	0
141	pixel	118	53	1789.00	1371.00	5	13.33	0
142	pixel	118	54	1849.00	1129	6	13.33	0
143	pixel	118	55	1782.00	1060	6	13.33	0
144	pixel	118	56	2274	630	5	13.33	0
145	pixel	118	57	2300	380	6	13.33	0
146	pixel	118	58	2175	2147	5	13.33	0
147	pixel	118	59	2242	1859.00	6	13.33	0
148	pixel	118	60	1319.00	1767.00	6	13.33	0
149	pixel	118	61	1249.00	1960.00	5	13.33	0
150	pixel	118	62	1373.00	2235	5	13.33	0
151	pixel	118	63	1442.00	2022.00	6	13.33	0
152	pixel	118	64	2756	1510.00	5	13.33	0
153	pixel	118	65	2771	1234	6	13.33	0
154	pixel	118	66	2967	1731.00	6	13.33	0
155	pixel	118	67	2928	2042.00	5	13.33	0
156	pixel	118	68	2850	2302	5	13.33	0
157	pixel	118	69	2904	1978.00	6	13.33	0
158	pixel	118	70	2536	2561.00	5	13.33	0
159	pixel	118	71	2626	2234	6	13.33	0
160	pixel	118	72	1585.00	417	7	13.33	0
161	pixel	118	73	1490.00	472	8	13.33	0
162	pixel	118	74	1281.00	1264	7	13.33	0
163	pixel	118	75	1175.00	1333.00	8	13.33	0
164	pixel	118	76	1994	1056	7	13.33	0
165	pixel	118	77	1910.00	1065	8	13.33	0
166	pixel	118	78	2422	607	7	13.33	0
167	pixel	118	79	2310	584	8	13.33	0
168	pixel	118	80	2785	385	8	13.33	0
169	pixel	118	81	2890	411	7	13.33	0
170	pixel	118	82	1642.00	1634.00	7	13.33	0
171	pixel	118	83	1567.00	1685.00	8	13.33	0
172	pixel	118	84	1172.00	1921.00	8	13.33	0
173	pixel	118	85	1261.00	1844.00	7	13.33	0
174	pixel	118	86	2296	1882.00	8	13.33	0
175	pixel	118	87	2372	1882.00	7	13.33	0
176	pixel	118	88	2927	1286	8	13.33	0
177	pixel	118	89	3013.00	1364.00	7	13.33	0
178	pixel	118	90	2821	2361.00	7	13.33	0
179	pixel	118	91	2688	2298	8	13.33	0
180	pixel	118	92	1017.00	1165	9	13.33	0
181	pixel	118	93	1015.00	1138	10	13.33	0
182	pixel	118	94	2772	904.00	10	13.33	0
183	pixel	118	95	2786	959.00	9	13.33	0
184	pixel	118	96	1713.00	1514.00	9	13.33	0
185	pixel	118	97	1712.00	1497.00	10	13.33	0
186	pixel	118	98	2317	1404.00	9	13.33	0
187	pixel	118	99	2307	1357.00	10	13.33	0
188	pixel	118	100	1764.00	2034.00	10	13.33	0
189	pixel	118	101	1746.00	2038.00	9	13.33	0
190	pixel	118	102	2452	699	11	13.33	0
191	pixel	118	103	2405	585	12	13.33	0
192	pixel	118	104	1920.00	1067	11	13.33	0
193	pixel	118	105	1897.00	943.00	12	13.33	0
194	pixel	118	106	1163.00	1142	11	13.33	0
195	pixel	118	107	1313.00	1143	12	13.33	0
196	pixel	118	108	1106.00	1529.00	11	13.33	0
197	pixel	118	109	1133.00	1458.00	12	13.33	0
198	pixel	118	110	2334	1712.00	11	13.33	0
199	pixel	118	111	2316	1602.00	12	13.33	0
200	pixel	118	112	1316.00	1852.00	11	13.33	0
201	pixel	118	113	1292.00	1805.00	12	13.33	0
202	pixel	118	114	2739	1494.00	11	13.33	0
203	pixel	118	115	2686	1358.00	12	13.33	0
204	pixel	118	116	2502	2271	11	13.33	0
205	pixel	118	117	2468	2157	12	13.33	0
206	pixel	118	118	3001	2209	11	13.33	0
207	pixel	118	119	2949	2089	12	13.33	0
208	pixel	118	120	1628.00	699	15	13.33	0
209	pixel	118	121	1801.00	785	16	13.33	0
210	pixel	118	122	1148.00	773	15	13.33	0
211	pixel	118	123	1248.00	946.00	16	13.33	0
212	pixel	118	124	1509.00	300	15	13.33	0
213	pixel	118	125	1677.00	392.67	16	13.33	0
214	pixel	118	126	2340	941.67	16	13.33	0
215	pixel	118	127	2175	896.67	15	13.33	0
216	pixel	118	128	2327	507.67	16	13.33	0
217	pixel	118	129	2171	464.67	15	13.33	0
218	pixel	118	130	1108.00	1377.67	15	13.33	0
219	pixel	118	131	1201.00	1456.67	16	13.33	0
220	pixel	118	132	2024	1316.67	15	13.33	0
221	pixel	118	133	2175	1346.67	16	13.33	0
222	pixel	118	134	1844.00	2269.67	15	13.33	0
223	pixel	118	135	2047	2377.67	16	13.33	0
224	pixel	118	136	1912.00	2187.67	16	13.33	0
225	pixel	118	137	1736.00	2126.67	15	13.33	0
226	pixel	118	138	1517.00	814.67	17	13.33	0
227	pixel	118	139	1603.00	737.67	18	13.33	0
228	pixel	118	140	1549.00	540.67	17	13.33	0
229	pixel	118	141	1635.00	448.67	18	13.33	0
230	pixel	118	142	2192	553.67	18	13.33	0
231	pixel	118	143	2116	640.67	17	13.33	0
232	pixel	118	144	1895.00	1689.67	17	13.33	0
233	pixel	118	145	2048	1611.67	18	13.33	0
234	pixel	118	146	1680.00	1433.67	18	13.33	0
235	pixel	118	147	1544.00	1509.67	17	13.33	0
236	pixel	118	148	1080.00	1715.67	17	13.33	0
237	pixel	118	149	1277.00	1640.67	18	13.33	0
238	pixel	118	150	2860	1515.67	18	13.33	0
239	pixel	118	151	2728	1665.67	17	13.33	0
240	pixel	118	152	2111	1997.67	17	13.33	0
241	pixel	118	153	2237	1877.67	18	13.33	0
242	pixel	118	154	2808	1944.67	17	13.33	0
243	pixel	118	155	2977	1813.67	18	13.33	0
244	pixel	118	156	2838	413.67	17	13.33	0
245	pixel	118	157	2930	257.67	18	13.33	0
246	pixel	118	158	977.00	540.33	17	13.33	0
247	pixel	118	159	1079.67	466.33	18	13.33	0
248	pixel	118	160	1173.67	520.33	19	13.33	0
249	pixel	118	161	1207.67	504.33	20	13.33	0
250	pixel	118	162	2750.67	724.33	19	13.33	0
251	pixel	118	163	2731.67	670.33	20	13.33	0
252	pixel	118	164	2887.67	632.33	20	13.33	0
253	pixel	118	165	2925.67	684.33	19	13.33	0
254	pixel	118	166	1584.67	1356.33	20	13.33	0
255	pixel	118	167	1556.67	1489.33	20	13.33	0
256	pixel	118	168	1610.67	1360.33	19	13.33	0
257	pixel	118	169	1558.67	1544.33	19	13.33	0
258	pixel	118	170	2683.67	1701.33	20	13.33	0
259	pixel	118	171	2749.67	1757.33	19	13.33	0
260	pixel	118	172	2878.67	2103.33	19	13.33	0
261	pixel	118	173	2852.67	2060.33	20	13.33	0
262	pixel	118	174	1714.67	265.33	21	13.33	0
263	pixel	118	175	1795.67	287.33	21	13.33	0
264	pixel	118	176	1876.67	431.33	22	13.33	0
265	pixel	118	177	2004.67	435.33	22	13.33	0
266	pixel	118	178	2539.67	916.33	21	13.33	0
267	pixel	118	179	2723.67	1045.33	22	13.33	0
268	pixel	118	180	2011.67	1533.33	21	13.33	0
269	pixel	118	181	2175.67	1690.33	22	13.33	0
270	pixel	118	182	2356.67	1690.33	21	13.33	0
271	pixel	118	183	2531.67	1853.33	22	13.33	0
272	pixel	118	184	1055.67	2135.33	21	13.33	0
273	pixel	118	185	1248.67	2369.33	22	13.33	0
274	pixel	118	186	2864.67	2257.33	21	13.33	0
275	pixel	118	187	3027.67	2442.33	22	13.33	0
276	pixel	118	188	1027.67	1854.33	23	13.33	0
277	pixel	118	189	1031.67	1897.33	24	13.33	0
278	pixel	118	190	1318.67	639.33	27	13.33	0
279	pixel	118	191	1356.67	686.33	28	13.33	0
280	pixel	118	192	1361.67	952.33	27	13.33	0
281	pixel	118	193	1410.67	998.33	28	13.33	0
282	pixel	118	194	1125.67	1204.33	27	13.33	0
283	pixel	118	195	1150.67	1262.33	28	13.33	0
284	pixel	118	196	1699.67	1653.33	27	13.33	0
285	pixel	118	197	1720.67	1671.33	28	13.33	0
286	pixel	118	198	2303.67	1790.33	27	13.33	0
287	pixel	118	199	2336.67	1795.33	28	13.33	0
288	pixel	118	200	1877.67	2190.33	27	13.33	0
289	pixel	118	201	1887.67	2213.33	28	13.33	0
290	pixel	118	202	2099.67	1051.33	29	13.33	0
291	pixel	118	203	2008.67	1063.33	30	13.33	0
292	pixel	118	204	1420.67	377.33	29	13.33	0
293	pixel	118	205	1388.67	398.33	30	13.33	0
294	pixel	118	206	2521.67	373.33	29	13.33	0
295	pixel	118	207	2461.67	347.33	30	13.33	0
296	pixel	118	208	1332.67	1889.33	29	13.33	0
297	pixel	118	209	1339.67	1931.33	30	13.33	0
298	pixel	118	210	1673.67	1883.33	30	13.33	0
299	pixel	118	211	1692.67	1852.33	29	13.33	0
300	pixel	118	212	2375.67	1663.33	30	13.33	0
301	pixel	118	213	2400.67	1678.33	29	13.33	0
302	pixel	118	214	2320.67	1772.33	29	13.33	0
303	pixel	118	215	2293.67	1771.33	30	13.33	0
304	pixel	118	216	2267.67	1998.33	29	13.33	0
305	pixel	118	217	2244.67	2000.33	30	13.33	0
306	pixel	121	1	2909	1606	3	13.33	0
307	pixel	121	2	2853.67	1429.67	4	13.33	0
308	pixel	121	3	1327.33	1054.33	5	13.33	0
309	pixel	121	4	1359	816.00	6	13.33	0
310	pixel	121	5	2125	1116.67	11	13.33	0
311	pixel	121	6	2105	999.67	12	13.33	0
312	pixel	121	7	1901.00	589.67	12	13.33	0
313	pixel	121	8	1905.00	686.33	11	13.33	0
314	pixel	121	9	2866	1837.33	11	13.33	0
315	pixel	121	10	2809	1704.33	12	13.33	0
316	pixel	121	11	2458	1695.33	15	13.33	0
317	pixel	121	12	2674	1748.33	16	13.33	0
318	pixel	121	13	2318	2005.33	15	13.33	0
319	pixel	121	14	2542	2055.33	16	13.33	0
320	pixel	121	15	2965	1869.33	15	13.33	0
321	pixel	121	16	3155	1889.33	16	13.33	0
322	pixel	121	17	2715	1188.33	15	13.33	0
323	pixel	121	18	2887	1228.33	16	13.33	0
324	pixel	121	19	1522	1657.33	17	13.33	0
325	pixel	121	20	1633	1596.33	18	13.33	0
326	pixel	121	21	2491	408.33	17	13.33	0
327	pixel	121	22	2610	299.00	18	13.33	0
328	pixel	121	23	1925.00	2008.67	20	13.33	0
329	pixel	121	24	1950.00	2041.67	19	13.33	0
330	pixel	121	25	2387	705.67	21	13.33	0
331	pixel	121	26	2511	847.67	22	13.33	0
332	pixel	121	27	2088	2294.67	23	13.33	0
333	pixel	121	28	2101	2292.67	24	13.33	0
334	pixel	121	29	1293	808.67	25	13.33	0
335	pixel	121	30	1195.67	968.67	26	13.33	0
336	pixel	121	31	1179.33	1914.67	25	13.33	0
337	pixel	121	32	1176	2046.67	26	13.33	0
338	pixel	121	33	1706.67	653.67	27	13.33	0
339	pixel	121	34	1732.67	694.67	28	13.33	0
340	pixel	121	35	1482.67	580.67	27	13.33	0
341	pixel	121	36	1518.67	614.67	28	13.33	0
342	pixel	121	37	1362.67	1183.67	27	13.33	0
343	pixel	121	38	1379.67	1214.67	28	13.33	0
344	pixel	121	39	1798.67	1441.67	27	13.33	0
345	pixel	121	40	1850.67	1444.67	28	13.33	0
346	pixel	121	41	2494.67	1537.67	27	13.33	0
347	pixel	121	42	2500.67	1507.67	28	13.33	0
348	pixel	121	43	1686.67	1917.67	28	13.33	0
349	pixel	121	44	1637.67	1873.67	27	13.33	0
350	pixel	121	45	2600.67	2281.67	27	13.33	0
351	pixel	121	46	2605.67	2261.67	28	13.33	0
352	pixel	121	47	1640.67	496.67	30	13.33	0
353	pixel	121	48	1719.67	453.67	29	13.33	0
354	pixel	121	49	2621.67	1251.67	29	13.33	0
355	pixel	121	50	2569.67	1207.67	30	13.33	0
356	pixel	121	51	2808.67	1697.67	30	13.33	0
357	pixel	121	52	2833.67	1697.67	29	13.33	0
358	pixel	121	53	1340.67	1612.67	30	13.33	0
359	pixel	121	54	1344.67	1553.67	29	13.33	0
360	pixel	124	1	927	847.00	1	13.33	0
361	pixel	124	2	2695.67	815.67	2	13.33	0
362	pixel	124	3	2640.67	977.33	1	13.33	0
363	pixel	124	4	2069.67	695.33	7	13.33	0
364	pixel	124	5	2832.67	1947.00	10	13.33	0
365	pixel	124	6	2236.67	703.00	17	13.33	0
366	pixel	124	7	2602.67	2125.00	18	13.33	0
367	pixel	124	8	1708.67	764.00	19	13.33	0
368	pixel	124	9	2529.67	621.00	19	13.33	0
369	pixel	124	10	2925.67	1923.67	19	13.33	0
370	pixel	124	11	1605.67	2078.67	21	13.33	0
371	pixel	124	12	1771.67	2275.67	22	13.33	0
372	pixel	124	13	2500.67	874.67	30	13.33	0
373	pixel	124	14	2768.67	571.67	30	13.33	0
