 	units	id	index	x	y	z	radius	name-id
1	pixel	88	1	1196	842	2	13.33	0
2	pixel	88	2	1823.67	1337.67	1	13.33	0
3	pixel	88	3	2654.67	608.67	6	13.33	0
4	pixel	88	4	1555.67	941.33	7	13.33	0
5	pixel	88	5	2386.67	1075.33	8	13.33	0
6	pixel	88	6	2366.67	954.33	8	13.33	0
7	pixel	88	7	1859.67	1233.33	8	13.33	0
8	pixel	88	8	1565.67	712.33	15	13.33	0
9	pixel	88	9	2502.67	2062.33	20	13.33	0
10	pixel	91	1	1300	676.00	1	13.33	0
11	pixel	91	2	1282.67	613.67	2	13.33	0
12	pixel	91	3	1137.33	1348.33	2	13.33	0
13	pixel	91	4	1184	1091.33	1	13.33	0
14	pixel	91	5	2049	543.33	2	13.33	0
15	pixel	91	6	2013.00	1414	1	13.33	0
16	pixel	91	7	1034	1459.00	1	13.33	0
17	pixel	91	8	1856.67	2183	2	13.33	0
18	pixel	91	9	2354.67	2051	1	13.33	0
19	pixel	91	10	2681.67	1863.00	2	13.33	0
20	pixel	91	11	1051.67	1363	1	13.33	0
21	pixel	91	12	2465.67	886.00	3	13.33	0
22	pixel	91	13	1835.67	1761.00	4	13.33	0
23	pixel	91	14	1555.67	1657.00	4	13.33	0
24	pixel	91	15	2873.67	1806.00	3	13.33	0
25	pixel	91	16	1166.67	1964.00	3	13.33	0
26	pixel	91	17	1360.67	2002.00	3	13.33	0
27	pixel	91	18	2117.67	1023	6	13.33	0
28	pixel	91	19	2624.67	642.00	5	13.33	0
29	pixel	91	20	1152.67	1037	5	13.33	0
30	pixel	91	21	2545.67	1329	5	13.33	0
31	pixel	91	22	2630.67	1424	6	13.33	0
32	pixel	91	23	2082.67	2299	6	13.33	0
33	pixel	91	24	2880.67	2111	6	13.33	0
34	pixel	91	25	1925.67	421.00	5	13.33	0
35	pixel	91	26	1432.67	616.67	7	13.33	0
36	pixel	91	27	1360.67	783.67	8	13.33	0
37	pixel	91	28	1027.67	332.67	8	13.33	0
38	pixel	91	29	1940.33	918.33	8	13.33	0
39	pixel	91	30	2741.33	462.33	8	13.33	0
40	pixel	91	31	2783.33	833.33	7	13.33	0
41	pixel	91	32	1242.33	1462.33	8	13.33	0
42	pixel	91	33	2683.33	1276.33	7	13.33	0
43	pixel	91	34	1176.33	2102.33	8	13.33	0
44	pixel	91	35	1623.33	2161.33	7	13.33	0
45	pixel	91	36	1184.33	1721.33	7	13.33	0
46	pixel	91	37	2261.33	1387.33	7	13.33	0
47	pixel	91	38	1256.33	688.33	11	13.33	0
48	pixel	91	39	1922.33	376.33	11	13.33	0
49	pixel	91	40	1183.33	1021.33	12	13.33	0
50	pixel	91	41	1342.33	451.33	16	13.33	0
51	pixel	91	42	1475.33	849.33	15	13.33	0
52	pixel	91	43	1555.33	991.33	15	13.33	0
53	pixel	91	44	2475.33	493.33	15	13.33	0
54	pixel	91	45	2216.33	887.33	16	13.33	0
55	pixel	91	46	1346.33	2052.33	16	13.33	0
56	pixel	91	47	1723.33	1987.33	16	13.33	0
57	pixel	91	48	1687.33	1938.33	15	13.33	0
58	pixel	91	49	2127.33	1600.33	15	13.33	0
59	pixel	91	50	1671.33	1416.33	15	13.33	0
60	pixel	91	51	1074.33	1350.33	15	13.33	0
61	pixel	91	52	1740.33	2226.33	16	13.33	0
62	pixel	91	53	2300.33	2082.33	16	13.33	0
63	pixel	91	54	2227.33	1718.33	15	13.33	0
64	pixel	91	55	2585.33	1951.33	15	13.33	0
65	pixel	91	56	2639.33	1698.33	15	13.33	0
66	pixel	91	57	2512.33	942.33	15	13.33	0
67	pixel	91	58	1262.33	1924.33	17	13.33	0
68	pixel	91	59	1297.33	708.33	19	13.33	0
69	pixel	91	60	1007.33	583.33	20	13.33	0
70	pixel	91	61	2846	965.33	19	13.33	0
71	pixel	91	62	2084	501.33	19	13.33	0
72	pixel	91	63	1972	1838.33	20	13.33	0
73	pixel	91	64	1570	2254.33	19	13.33	0
74	pixel	91	65	2525	632.33	20	13.33	0
75	pixel	91	66	2932	2260.33	20	13.33	0
76	pixel	91	67	2303	987.33	22	13.33	0
77	pixel	91	68	1065	568.33	22	13.33	0
78	pixel	91	69	2174	1447.33	22	13.33	0
79	pixel	91	70	2861	1220.33	21	13.33	0
80	pixel	94	1	1452	430	1	13.33	0
81	pixel	94	2	1388.67	424.67	2	13.33	0
82	pixel	94	3	1877.33	764.33	1	13.33	0
83	pixel	94	4	1780.33	741.33	2	13.33	0
84	pixel	94	5	1048.33	908.33	1	13.33	0
85	pixel	94	6	1005.00	931.33	2	13.33	0
86	pixel	94	7	2801.67	981.33	1	13.33	0
87	pixel	94	8	2705.67	860.33	2	13.33	0
88	pixel	94	9	2640.67	1129.33	2	13.33	0
89	pixel	94	10	2736.67	1253.33	1	13.33	0
90	pixel	94	11	1259.67	1538.33	1	13.33	0
91	pixel	94	12	1263.67	1584.33	2	13.33	0
92	pixel	94	13	1409.67	1889.33	1	13.33	0
93	pixel	94	14	1380.67	1980.33	2	13.33	0
94	pixel	94	15	2053.67	1597.33	1	13.33	0
95	pixel	94	16	1996.67	1617.33	2	13.33	0
96	pixel	94	17	1567.67	1360.33	1	13.33	0
97	pixel	94	18	1532.67	1405.33	2	13.33	0
98	pixel	94	19	2641.67	1750.33	1	13.33	0
99	pixel	94	20	2556.67	1706.33	2	13.33	0
100	pixel	94	21	2596.67	1382.33	2	13.33	0
101	pixel	94	22	2742.67	1448.33	1	13.33	0
102	pixel	94	23	2568.67	1530.33	1	13.33	0
103	pixel	94	24	2516.67	1469.33	2	13.33	0
104	pixel	94	25	1656.67	2358.33	2	13.33	0
105	pixel	94	26	1732.67	2281.33	1	13.33	0
106	pixel	94	27	2513.67	1986.33	2	13.33	0
107	pixel	94	28	2572.67	2032.33	1	13.33	0
108	pixel	94	29	2826.67	2133.33	1	13.33	0
109	pixel	94	30	2792.67	2049.33	2	13.33	0
110	pixel	94	31	2375.67	727.33	4	13.33	0
111	pixel	94	32	2048.67	772.33	3	13.33	0
112	pixel	94	33	2927.67	574.33	4	13.33	0
113	pixel	94	34	2509.67	645.33	3	13.33	0
114	pixel	94	35	3006.67	682.33	4	13.33	0
115	pixel	94	36	2635.67	794.33	3	13.33	0
116	pixel	94	37	2783.67	862.33	3	13.33	0
117	pixel	94	38	3144.67	756.33	4	13.33	0
118	pixel	94	39	3018.67	992.33	4	13.33	0
119	pixel	94	40	2691.67	1105.33	3	13.33	0
120	pixel	94	41	3009.67	407.33	4	13.33	0
121	pixel	94	42	2652.67	496	3	13.33	0
122	pixel	94	43	2081.67	1498.00	4	13.33	0
123	pixel	94	44	1739.67	1508.00	3	13.33	0
124	pixel	94	45	2329.67	1273	4	13.33	0
125	pixel	94	46	1986.67	1330	3	13.33	0
126	pixel	94	47	1120.67	1256	4	13.33	0
127	pixel	94	48	741.67	1212	3	13.33	0
128	pixel	94	49	2852.33	1281	4	13.33	0
129	pixel	94	50	2505.33	1399	3	13.33	0
130	pixel	94	51	1792.33	2249	4	13.33	0
131	pixel	94	52	1420.33	2278	3	13.33	0
132	pixel	94	53	1475.33	1241	4	13.33	0
133	pixel	94	54	1123.33	1253	3	13.33	0
134	pixel	94	55	1083.33	843.00	5	13.33	0
135	pixel	94	56	1196.33	1255	6	13.33	0
136	pixel	94	57	1607.33	1296	6	13.33	0
137	pixel	94	58	1365.33	935.00	5	13.33	0
138	pixel	94	59	1156.33	391	5	13.33	0
139	pixel	94	60	1299.33	726.67	6	13.33	0
140	pixel	94	61	971.33	116.67	5	13.33	0
141	pixel	94	62	1111.33	496.33	6	13.33	0
142	pixel	94	63	1617.33	475.33	6	13.33	0
143	pixel	94	64	1476.33	195.33	5	13.33	0
144	pixel	94	65	1387.33	377.33	5	13.33	0
145	pixel	94	66	1508.33	688.33	6	13.33	0
146	pixel	94	67	2305.33	792.33	6	13.33	0
147	pixel	94	68	2229.33	524.33	5	13.33	0
148	pixel	94	69	2417.33	276.33	5	13.33	0
149	pixel	94	70	2501.33	510.33	6	13.33	0
150	pixel	94	71	2940.33	443.33	6	13.33	0
151	pixel	94	72	2860.33	236.33	5	13.33	0
152	pixel	94	73	1753.33	1374.33	5	13.33	0
153	pixel	94	74	1856.33	1711.33	6	13.33	0
154	pixel	94	75	2551.33	1589.33	5	13.33	0
155	pixel	94	76	2513.33	1727.33	6	13.33	0
156	pixel	94	77	1012.33	1995.33	5	13.33	0
157	pixel	94	78	1100.33	2410.33	6	13.33	0
158	pixel	94	79	1525.33	2025.33	5	13.33	0
159	pixel	94	80	1604.33	2406.33	6	13.33	0
160	pixel	94	81	1670.33	696.33	7	13.33	0
161	pixel	94	82	1743.33	615.33	8	13.33	0
162	pixel	94	83	2317.33	976.33	7	13.33	0
163	pixel	94	84	2360.33	833.33	8	13.33	0
164	pixel	94	85	2455.33	952.33	7	13.33	0
165	pixel	94	86	2513.33	810.33	8	13.33	0
166	pixel	94	87	3116.33	737.33	7	13.33	0
167	pixel	94	88	3162.33	544.33	8	13.33	0
168	pixel	94	89	2944.33	18.33	7	13.33	0
169	pixel	94	90	1431.33	1330	7	13.33	0
170	pixel	94	91	1515.33	1270	8	13.33	0
171	pixel	94	92	1050.33	1401	7	13.33	0
172	pixel	94	93	1110.33	1394	8	13.33	0
173	pixel	94	94	2853.33	1674	8	13.33	0
174	pixel	94	95	2819.33	1811	7	13.33	0
175	pixel	94	96	2817.33	2119	7	13.33	0
176	pixel	94	97	2847.33	1989	8	13.33	0
177	pixel	94	98	2865.33	1530	7	13.33	0
178	pixel	94	99	2905.33	1397	8	13.33	0
179	pixel	94	100	1720.33	2118	7	13.33	0
180	pixel	94	101	1678.33	2115	8	13.33	0
181	pixel	94	102	1723.33	464.00	7	13.33	0
182	pixel	94	103	1825.33	386.00	8	13.33	0
183	pixel	94	104	1927.33	1097	15	13.33	0
184	pixel	94	105	1726.33	1169	16	13.33	0
185	pixel	94	106	1890.33	731.00	15	13.33	0
186	pixel	94	107	1690.33	782.00	16	13.33	0
187	pixel	94	108	2643.33	732.00	15	13.33	0
188	pixel	94	109	2387.33	628.00	16	13.33	0
189	pixel	94	110	3137.33	964.00	15	13.33	0
190	pixel	94	111	2940.33	928.00	16	13.33	0
191	pixel	94	112	2251.33	1346	15	13.33	0
192	pixel	94	113	2075.33	1348	16	13.33	0
193	pixel	94	114	1788.33	1739	15	13.33	0
194	pixel	94	115	1618.33	1813	16	13.33	0
195	pixel	94	116	2017.33	1546	15	13.33	0
196	pixel	94	117	1851.33	1592	16	13.33	0
197	pixel	94	118	2611.33	1567	15	13.33	0
198	pixel	94	119	2405.33	1576	16	13.33	0
199	pixel	94	120	1047.33	2218	15	13.33	0
200	pixel	94	121	908.33	2359	16	13.33	0
201	pixel	94	122	1080.33	1843	15	13.33	0
202	pixel	94	123	888.33	1962	16	13.33	0
203	pixel	94	124	2777.33	1237	17	13.33	0
204	pixel	94	125	2724.33	952.00	18	13.33	0
205	pixel	94	126	1176.33	2133	17	13.33	0
206	pixel	94	127	1232.33	2039	18	13.33	0
207	pixel	94	128	1400.33	495.00	19	13.33	0
208	pixel	94	129	1208.33	711.00	20	13.33	0
209	pixel	94	130	1413.33	1237	19	13.33	0
210	pixel	94	131	1196.33	1488	20	13.33	0
211	pixel	94	132	2437.33	699.00	19	13.33	0
212	pixel	94	133	2230.33	835.00	20	13.33	0
213	pixel	94	134	1132.33	428.00	19	13.33	0
214	pixel	94	135	923.33	677.00	20	13.33	0
215	pixel	94	136	1314.33	507.00	20	13.33	0
216	pixel	94	137	1534.33	307.00	19	13.33	0
217	pixel	94	138	2507.33	1226	20	13.33	0
218	pixel	94	139	2719.33	1093	19	13.33	0
219	pixel	94	140	2100.33	1262	19	13.33	0
220	pixel	94	141	1924.33	1430	20	13.33	0
221	pixel	94	142	1770.33	1719	19	13.33	0
222	pixel	94	143	1583.33	1894	20	13.33	0
223	pixel	94	144	1810.33	1474	19	13.33	0
224	pixel	94	145	1631.33	1705	20	13.33	0
225	pixel	94	146	2078.33	1610	20	13.33	0
226	pixel	94	147	2237.33	1442	19	13.33	0
227	pixel	94	148	2622.33	1341	19	13.33	0
228	pixel	94	149	2442.33	1490	20	13.33	0
229	pixel	94	150	1377.33	1455	19	13.33	0
230	pixel	94	151	1143.33	1753	20	13.33	0
231	pixel	94	152	1732.33	2274	19	13.33	0
232	pixel	94	153	1714.33	2521	20	13.33	0
233	pixel	94	154	2214.33	1216	21	13.33	0
234	pixel	94	155	2190.33	1216	22	13.33	0
235	pixel	94	156	2574.33	1095	21	13.33	0
236	pixel	94	157	2605.33	1052	22	13.33	0
237	pixel	94	158	2742.33	1083	21	13.33	0
238	pixel	94	159	2729.33	1019.00	22	13.33	0
239	pixel	94	160	2880.33	913.00	21	13.33	0
240	pixel	94	161	2862.33	824.00	22	13.33	0
241	pixel	94	162	1162.33	1509	21	13.33	0
242	pixel	94	163	1229.33	1628	22	13.33	0
243	pixel	94	164	1847.33	1608	21	13.33	0
244	pixel	94	165	1826.33	1648	22	13.33	0
245	pixel	94	166	1861.33	1404	22	13.33	0
246	pixel	94	167	1811.33	1429	21	13.33	0
247	pixel	94	168	2062.33	1900	21	13.33	0
248	pixel	94	169	2069.33	1904	22	13.33	0
249	pixel	94	170	1997.33	2068	22	13.33	0
250	pixel	94	171	1946.33	2016	21	13.33	0
251	pixel	94	172	2301.33	1653	22	13.33	0
252	pixel	94	173	2281.33	1664	21	13.33	0
253	pixel	94	174	1007.33	1932	21	13.33	0
254	pixel	94	175	1061.33	2081	22	13.33	0
255	pixel	94	176	1474.33	1548	21	13.33	0
256	pixel	94	177	1487.33	1649	22	13.33	0
257	pixel	94	178	2779.33	678.00	21	13.33	0
258	pixel	94	179	2758.33	555.00	22	13.33	0
259	pixel	94	180	1086.33	1240	21	13.33	0
260	pixel	94	181	1000.33	1401	22	13.33	0
261	pixel	94	182	1591.33	2192	21	13.33	0
262	pixel	94	183	1665.33	2235	22	13.33	0
263	pixel	94	184	1604.33	2309	21	13.33	0
264	pixel	94	185	1713.33	2389	22	13.33	0
265	pixel	94	186	1732.33	2084	21	13.33	0
266	pixel	94	187	1781.33	2139	22	13.33	0
267	pixel	97	1	1985	1114	2	13.33	0
268	pixel	97	2	2072.67	1132.67	1	13.33	0
269	pixel	97	3	2372.67	1410.67	1	13.33	0
270	pixel	97	4	2300.67	1368.67	2	13.33	0
271	pixel	97	5	2480.67	2232.67	2	13.33	0
272	pixel	97	6	2526.67	2249.67	1	13.33	0
273	pixel	97	7	2296.67	1811.67	4	13.33	0
274	pixel	97	8	1939.67	1865.67	3	13.33	0
275	pixel	97	9	2539.33	1228.67	4	13.33	0
276	pixel	97	10	2167.33	1315.67	3	13.33	0
277	pixel	97	11	1189.33	1547.67	4	13.33	0
278	pixel	97	12	735.00	1469.67	3	13.33	0
279	pixel	97	13	1954.67	1720.67	3	13.33	0
280	pixel	97	14	2225.67	1626.67	4	13.33	0
281	pixel	97	15	2049.67	2162.67	5	13.33	0
282	pixel	97	16	2157.67	2510.67	6	13.33	0
283	pixel	97	17	2881.67	1995.67	5	13.33	0
284	pixel	97	18	2904.67	2269.67	6	13.33	0
285	pixel	97	19	1746.67	2160.67	7	13.33	0
286	pixel	97	20	1879.67	2149.67	8	13.33	0
287	pixel	97	21	2531.67	2056.67	5	13.33	0
288	pixel	97	22	2669.67	2401.67	6	13.33	0
289	pixel	97	23	1841.67	619.67	12	13.33	0
290	pixel	97	24	1691.67	632.33	11	13.33	0
291	pixel	97	25	1256.67	1409.33	11	13.33	0
292	pixel	97	26	1431.67	1411.33	12	13.33	0
293	pixel	97	27	1198.67	2188.33	19	13.33	0
294	pixel	97	28	1025.67	2476.33	20	13.33	0
295	pixel	97	29	2626.67	1373.33	21	13.33	0
296	pixel	97	30	2622.67	1333.33	22	13.33	0
297	pixel	100	1	1778.00	1297	2	13.33	0
298	pixel	100	2	2605.67	1681.67	2	13.33	0
299	pixel	100	3	1968.67	906.67	1	13.33	0
300	pixel	100	4	1074.67	2294.33	5	13.33	0
301	pixel	100	5	2899.33	762.33	7	13.33	0
302	pixel	100	6	1755.33	1522	7	13.33	0
303	pixel	100	7	1600.33	872.00	15	13.33	0
304	pixel	100	8	2208.33	961.00	15	13.33	0
305	pixel	100	9	2462.33	2290	15	13.33	0
306	pixel	100	10	1231.33	1378	21	13.33	0
