 	units	id	index	x	y	z	radius	name-id
1	pixel	121	1	1661.00	661	10	13.33	0
2	pixel	121	2	2238.67	1623.67	9	13.33	0
3	pixel	121	3	1359.67	471.67	10	13.33	0
4	pixel	121	4	1992.33	916.33	11	13.33	0
5	pixel	121	5	2135.33	590.33	15	13.33	0
6	pixel	121	6	2830.33	848.33	16	13.33	0
7	pixel	121	7	2793.33	2156.33	15	13.33	0
8	pixel	121	8	2505.33	732.33	15	13.33	0
9	pixel	121	9	1263.33	1712.33	18	13.33	0
10	pixel	121	10	2910	1273.33	20	13.33	0
11	pixel	121	11	1827.00	1910.33	19	13.33	0
12	pixel	121	12	2800	1083.33	21	13.33	0
13	pixel	121	13	1591.00	1247.33	26	13.33	0
14	pixel	121	14	1506.00	1369.33	26	13.33	0
15	pixel	123	1	2287.00	734	2	13.33	0
16	pixel	123	2	1468.67	1219.67	1	13.33	0
17	pixel	123	3	1520.33	1157.67	2	13.33	0
18	pixel	123	4	1806.33	421.67	2	13.33	0
19	pixel	123	5	2513.33	1147.33	1	13.33	0
20	pixel	123	6	2799.33	1073.33	2	13.33	0
21	pixel	123	7	2672.33	857.33	2	13.33	0
22	pixel	123	8	1552.33	795.33	2	13.33	0
23	pixel	123	9	1175.33	1428.33	2	13.33	0
24	pixel	123	10	2377.00	1836.33	2	13.33	0
25	pixel	123	11	1399.00	1962.33	2	13.33	0
26	pixel	123	12	2061	2152.33	2	13.33	0
27	pixel	123	13	1953	1981.33	2	13.33	0
28	pixel	123	14	1125.00	1099.33	1	13.33	0
29	pixel	123	15	1667.67	2222.33	2	13.33	0
30	pixel	123	16	2682.67	668.33	4	13.33	0
31	pixel	123	17	2091.67	1176.33	3	13.33	0
32	pixel	123	18	2087.67	1417.33	3	13.33	0
33	pixel	123	19	2279.67	1465.33	4	13.33	0
34	pixel	123	20	2499.67	1376.33	3	13.33	0
35	pixel	123	21	1560.67	1829.33	3	13.33	0
36	pixel	123	22	1570.67	1663.33	3	13.33	0
37	pixel	123	23	1421.67	857.33	7	13.33	0
38	pixel	123	24	1838.67	847.33	8	13.33	0
39	pixel	123	25	2174.67	604.33	8	13.33	0
40	pixel	123	26	2807.67	943.33	8	13.33	0
41	pixel	123	27	2500.67	628.33	7	13.33	0
42	pixel	123	28	1796.67	485.33	7	13.33	0
43	pixel	123	29	2198.67	1597.33	8	13.33	0
44	pixel	123	30	2253.67	1343.33	7	13.33	0
45	pixel	123	31	2251.67	2017.33	7	13.33	0
46	pixel	123	32	1743.67	2034.33	7	13.33	0
47	pixel	123	33	1030.67	655.33	7	13.33	0
48	pixel	123	34	1759.33	1069.33	9	13.33	0
49	pixel	123	35	1720.33	518.33	9	13.33	0
50	pixel	123	36	1375.33	1174.33	9	13.33	0
51	pixel	123	37	1921.33	904.33	10	13.33	0
52	pixel	123	38	1181.33	749.33	10	13.33	0
53	pixel	123	39	1928.33	1672.33	10	13.33	0
54	pixel	123	40	2647.33	2074.33	9	13.33	0
55	pixel	123	41	1184.33	454.33	9	13.33	0
56	pixel	123	42	2622.33	900.33	11	13.33	0
57	pixel	123	43	1385.33	1326.33	12	13.33	0
58	pixel	123	44	2323.33	1665.33	11	13.33	0
59	pixel	123	45	2165.33	1853.33	11	13.33	0
60	pixel	123	46	1177.33	1456.33	12	13.33	0
61	pixel	123	47	2057.33	1095.33	11	13.33	0
62	pixel	123	48	1979.33	1720.33	12	13.33	0
63	pixel	123	49	1371.33	390.33	13	13.33	0
64	pixel	123	50	1889.33	556	14	13.33	0
65	pixel	123	51	1840.33	1983	13	13.33	0
66	pixel	123	52	1711.33	1988	13	13.33	0
67	pixel	123	53	2391.33	1575	13	13.33	0
68	pixel	123	54	2640.33	1920	13	13.33	0
69	pixel	123	55	2106.33	1838	13	13.33	0
70	pixel	123	56	2598.33	642	16	13.33	0
71	pixel	123	57	1871.33	1258	15	13.33	0
72	pixel	123	58	2169.33	1250	16	13.33	0
73	pixel	123	59	2425.33	2164	15	13.33	0
74	pixel	123	60	1451.33	677	17	13.33	0
75	pixel	123	61	1822.33	1124	17	13.33	0
76	pixel	123	62	1167.33	617	17	13.33	0
77	pixel	123	63	1794.33	2017	18	13.33	0
78	pixel	123	64	2657.33	1718	18	13.33	0
79	pixel	123	65	1961.33	673	20	13.33	0
80	pixel	123	66	2156.33	1155	20	13.33	0
81	pixel	123	67	2278.33	813	20	13.33	0
82	pixel	123	68	2760.33	1248	19	13.33	0
83	pixel	123	69	1668.33	1737	19	13.33	0
84	pixel	123	70	1761.33	1533	20	13.33	0
85	pixel	123	71	2060.33	1474	20	13.33	0
86	pixel	123	72	2415.33	1406	19	13.33	0
87	pixel	123	73	2578.33	1721	20	13.33	0
88	pixel	123	74	2394.33	648	21	13.33	0
89	pixel	123	75	2624.33	669	23	13.33	0
90	pixel	123	76	2921.33	891	23	13.33	0
91	pixel	123	77	1750.33	1312	23	13.33	0
92	pixel	123	78	2604.33	1035	24	13.33	0
93	pixel	123	79	2081.33	1490	26	13.33	0
94	pixel	123	80	2147.33	1944	26	13.33	0
95	pixel	123	81	2289.33	1825	26	13.33	0
96	pixel	123	82	1479.33	2133	25	13.33	0
97	pixel	123	83	1397.33	1412	26	13.33	0
98	pixel	123	84	1090.33	2269	30	13.33	0
99	pixel	125	1	1714	1304	1	13.33	0
100	pixel	125	2	1728.67	1365.67	2	13.33	0
101	pixel	125	3	2332.67	1112.67	2	13.33	0
102	pixel	125	4	2341.67	988.33	1	13.33	0
103	pixel	125	5	2235.67	987	1	13.33	0
104	pixel	125	6	2232.67	1055.67	2	13.33	0
105	pixel	125	7	1967.67	785.67	2	13.33	0
106	pixel	125	8	1971.67	674.33	1	13.33	0
107	pixel	125	9	1789.67	816	1	13.33	0
108	pixel	125	10	1808.67	932	2	13.33	0
109	pixel	125	11	2651.67	657.00	2	13.33	0
110	pixel	125	12	2673.67	588.67	1	13.33	0
111	pixel	125	13	1757.67	1724.33	1	13.33	0
112	pixel	125	14	1774.67	1776.33	2	13.33	0
113	pixel	125	15	2200.67	1592.33	2	13.33	0
114	pixel	125	16	2173.67	1521.33	1	13.33	0
115	pixel	125	17	2752.67	1920.33	1	13.33	0
116	pixel	125	18	2695.67	1897.33	2	13.33	0
117	pixel	125	19	2759.67	1737.33	2	13.33	0
118	pixel	125	20	2768.67	1720.33	1	13.33	0
119	pixel	125	21	1029.67	2046.33	2	13.33	0
120	pixel	125	22	981.33	1936.33	1	13.33	0
121	pixel	125	23	1301	672.33	3	13.33	0
122	pixel	125	24	1496	894.33	4	13.33	0
123	pixel	125	25	844	461.33	3	13.33	0
124	pixel	125	26	1025.67	727	4	13.33	0
125	pixel	125	27	1269.67	927	4	13.33	0
126	pixel	125	28	1018.67	712	3	13.33	0
127	pixel	125	29	1696.67	876	3	13.33	0
128	pixel	125	30	1899.67	1048	4	13.33	0
129	pixel	125	31	2322.67	363	3	13.33	0
130	pixel	125	32	2514.67	548.67	4	13.33	0
131	pixel	125	33	2724.67	901.67	3	13.33	0
132	pixel	125	34	2972.67	1078.67	4	13.33	0
133	pixel	125	35	2762.67	939.67	4	13.33	0
134	pixel	125	36	2535.67	779.67	3	13.33	0
135	pixel	125	37	2775.67	756.67	3	13.33	0
136	pixel	125	38	3002.67	939.67	4	13.33	0
137	pixel	125	39	2802.67	412.67	4	13.33	0
138	pixel	125	40	2567.67	229.67	3	13.33	0
139	pixel	125	41	1472.67	1300.33	3	13.33	0
140	pixel	125	42	1691.67	1471.33	4	13.33	0
141	pixel	125	43	1262.67	1183.33	4	13.33	0
142	pixel	125	44	1058.67	985.33	3	13.33	0
143	pixel	125	45	2328.67	1168.33	3	13.33	0
144	pixel	125	46	2573.67	1329.33	4	13.33	0
145	pixel	125	47	2437.67	1252.33	3	13.33	0
146	pixel	125	48	2686.67	1381.33	4	13.33	0
147	pixel	125	49	1172.67	1907.33	3	13.33	0
148	pixel	125	50	1548.67	1719.33	3	13.33	0
149	pixel	125	51	1807.67	1882.33	4	13.33	0
150	pixel	125	52	1377.67	2101.33	4	13.33	0
151	pixel	125	53	1293.67	1711.33	3	13.33	0
152	pixel	125	54	1523.67	1888.33	4	13.33	0
153	pixel	125	55	2743.67	2330.33	4	13.33	0
154	pixel	125	56	2473.67	2167.33	3	13.33	0
155	pixel	125	57	1179.67	1103.33	7	13.33	0
156	pixel	125	58	1137.67	1146.33	8	13.33	0
157	pixel	125	59	1987.67	760.33	8	13.33	0
158	pixel	125	60	2057.67	764.33	7	13.33	0
159	pixel	125	61	1905.67	1004.33	8	13.33	0
160	pixel	125	62	1997.67	1000.33	7	13.33	0
161	pixel	125	63	1721.67	1247.33	7	13.33	0
162	pixel	125	64	1591.67	1319.33	8	13.33	0
163	pixel	125	65	1363.67	1239.33	8	13.33	0
164	pixel	125	66	1428.67	1213.33	7	13.33	0
165	pixel	125	67	1513.67	412.33	7	13.33	0
166	pixel	125	68	1465.67	432.33	8	13.33	0
167	pixel	125	69	1221.67	296.33	7	13.33	0
168	pixel	125	70	1066.67	355.33	8	13.33	0
169	pixel	125	71	2903.67	898.33	8	13.33	0
170	pixel	125	72	3021.67	947.33	7	13.33	0
171	pixel	125	73	2529.67	1537.33	7	13.33	0
172	pixel	125	74	2481.67	1521.33	8	13.33	0
173	pixel	125	75	2115.67	2025.33	8	13.33	0
174	pixel	125	76	2171.67	2048.33	7	13.33	0
175	pixel	125	77	1187.67	1808.33	8	13.33	0
176	pixel	125	78	1192.67	1792.33	7	13.33	0
177	pixel	125	79	1383.67	1862.33	8	13.33	0
178	pixel	125	80	1415.67	1858.33	7	13.33	0
179	pixel	125	81	1439.67	2034.33	7	13.33	0
180	pixel	125	82	1395.67	2064.33	8	13.33	0
181	pixel	125	83	1739.67	1836.33	7	13.33	0
182	pixel	125	84	1717.67	1846.33	8	13.33	0
183	pixel	125	85	1561.67	1529.33	8	13.33	0
184	pixel	125	86	1657.67	1458.33	7	13.33	0
185	pixel	125	87	2866.67	2112.33	7	13.33	0
186	pixel	125	88	2827.67	2049.33	8	13.33	0
187	pixel	125	89	2845.67	2313.33	8	13.33	0
188	pixel	125	90	2860.67	2364.33	7	13.33	0
189	pixel	125	91	1466.67	985.33	9	13.33	0
190	pixel	125	92	1480.67	1027.33	10	13.33	0
191	pixel	125	93	1625.67	1191.33	10	13.33	0
192	pixel	125	94	1584.67	1145.33	9	13.33	0
193	pixel	125	95	1302.67	1291.33	10	13.33	0
194	pixel	125	96	1266.67	1196.33	9	13.33	0
195	pixel	125	97	2212.67	2074.33	10	13.33	0
196	pixel	125	98	2103.67	2029.33	9	13.33	0
197	pixel	125	99	2471.67	2241.33	10	13.33	0
198	pixel	125	100	2408.67	2223.33	9	13.33	0
199	pixel	125	101	1136.67	383.33	12	13.33	0
200	pixel	125	102	1196.67	286.33	11	13.33	0
201	pixel	125	103	2368.67	719.33	12	13.33	0
202	pixel	125	104	2447.67	689.33	11	13.33	0
203	pixel	125	105	2080.67	676.33	11	13.33	0
204	pixel	125	106	2004.67	705.33	12	13.33	0
205	pixel	125	107	2063.67	382.33	12	13.33	0
206	pixel	125	108	2229.67	286.33	11	13.33	0
207	pixel	125	109	1322.67	1963.33	12	13.33	0
208	pixel	125	110	1335.67	1911.33	11	13.33	0
209	pixel	125	111	2106.67	2007.33	12	13.33	0
210	pixel	125	112	2141.67	2011.33	11	13.33	0
211	pixel	125	113	2955.67	1592.33	12	13.33	0
212	pixel	125	114	2976.67	1597.33	11	13.33	0
213	pixel	125	115	1031.67	2179.33	11	13.33	0
214	pixel	125	116	1062.67	2225.33	12	13.33	0
215	pixel	125	117	1044.67	1907.33	11	13.33	0
216	pixel	125	118	1061.67	1976.33	12	13.33	0
217	pixel	125	119	2925.67	2263.33	12	13.33	0
218	pixel	125	120	2900.67	2268.33	11	13.33	0
219	pixel	125	121	2936.67	1939.33	11	13.33	0
220	pixel	125	122	2953.67	1937.33	12	13.33	0
221	pixel	125	123	2753.67	2200.33	11	13.33	0
222	pixel	125	124	2753.67	2193.33	12	13.33	0
223	pixel	125	125	1675.67	1057.33	13	13.33	0
224	pixel	125	126	1825.67	1035.33	14	13.33	0
225	pixel	125	127	1909.67	1207.33	14	13.33	0
226	pixel	125	128	1784.67	1228.33	13	13.33	0
227	pixel	125	129	2731.67	563.33	14	13.33	0
228	pixel	125	130	2625.67	652.33	13	13.33	0
229	pixel	125	131	2465.67	496.33	13	13.33	0
230	pixel	125	132	2610.67	455.33	14	13.33	0
231	pixel	125	133	2906.67	1430.33	13	13.33	0
232	pixel	125	134	3075.67	1293.33	14	13.33	0
233	pixel	125	135	1368.67	1410.33	13	13.33	0
234	pixel	125	136	1508.67	1402.33	14	13.33	0
235	pixel	125	137	2108.67	1546.33	14	13.33	0
236	pixel	125	138	1955.67	1562.33	13	13.33	0
237	pixel	125	139	2193.67	1573.33	13	13.33	0
238	pixel	125	140	2353.67	1536.33	14	13.33	0
239	pixel	125	141	1060.67	2098.33	13	13.33	0
240	pixel	125	142	1220.67	2116.33	14	13.33	0
241	pixel	125	143	2825.67	792.33	15	13.33	0
242	pixel	125	144	2830.67	714.33	16	13.33	0
243	pixel	125	145	1868.67	1825.33	16	13.33	0
244	pixel	125	146	1812.67	1817.33	15	13.33	0
245	pixel	125	147	2662.67	1615.33	16	13.33	0
246	pixel	125	148	2582.67	1639.33	15	13.33	0
247	pixel	125	149	1264.67	2015.33	15	13.33	0
248	pixel	125	150	1343.67	2038.33	16	13.33	0
249	pixel	125	151	1481.67	1951.33	16	13.33	0
250	pixel	125	152	1427.67	1927.33	15	13.33	0
251	pixel	125	153	2277.67	2032.33	16	13.33	0
252	pixel	125	154	2223.67	2055.33	15	13.33	0
253	pixel	125	155	2700.67	420.33	15	13.33	0
254	pixel	125	156	2685.67	375.33	16	13.33	0
255	pixel	125	157	1540.67	387.33	17	13.33	0
256	pixel	125	158	1557.67	538.33	18	13.33	0
257	pixel	125	159	2037.67	355.33	18	13.33	0
258	pixel	125	160	2080.67	179.33	17	13.33	0
259	pixel	125	161	1131.67	1123	17	13.33	0
260	pixel	125	162	1190.67	1264	18	13.33	0
261	pixel	125	163	1196.67	1067	18	13.33	0
262	pixel	125	164	1190.67	884	17	13.33	0
263	pixel	125	165	1190.67	1213	17	13.33	0
264	pixel	125	166	1432.67	1185	17	13.33	0
265	pixel	125	167	1252.67	1348	18	13.33	0
266	pixel	125	168	1452.67	1336	18	13.33	0
267	pixel	125	169	2348.67	1188	18	13.33	0
268	pixel	125	170	2290.67	1041	17	13.33	0
269	pixel	125	171	2260.67	2014	17	13.33	0
270	pixel	125	172	2308.67	2106	18	13.33	0
271	pixel	125	173	2945.67	1337	17	13.33	0
272	pixel	125	174	2949.67	1412	18	13.33	0
273	pixel	125	175	3033.67	2202	18	13.33	0
274	pixel	125	176	2928.67	2135	17	13.33	0
275	pixel	125	177	1795.67	589	19	13.33	0
276	pixel	125	178	1853.67	536	20	13.33	0
277	pixel	125	179	2005.67	520	20	13.33	0
278	pixel	125	180	1935.67	578	19	13.33	0
279	pixel	125	181	2342.67	524	20	13.33	0
280	pixel	125	182	2300.67	620	19	13.33	0
281	pixel	125	183	2105.67	1029	20	13.33	0
282	pixel	125	184	2002.67	1092	19	13.33	0
283	pixel	125	185	1314.67	607	20	13.33	0
284	pixel	125	186	1268.67	614	19	13.33	0
285	pixel	125	187	1036.67	955	20	13.33	0
286	pixel	125	188	966.67	922	19	13.33	0
287	pixel	125	189	984.67	1168	19	13.33	0
288	pixel	125	190	1021.67	1196	20	13.33	0
289	pixel	125	191	2602.67	1125	20	13.33	0
290	pixel	125	192	2497.67	1218	19	13.33	0
291	pixel	125	193	2731.67	464.00	20	13.33	0
292	pixel	125	194	3017.67	273.00	20	13.33	0
293	pixel	125	195	2941.67	392.00	19	13.33	0
294	pixel	125	196	2668.67	564	19	13.33	0
295	pixel	125	197	2285.67	1456	20	13.33	0
296	pixel	125	198	2182.67	1521	19	13.33	0
297	pixel	125	199	2479.67	1815	20	13.33	0
298	pixel	125	200	2398.67	1893	19	13.33	0
299	pixel	125	201	1690.67	422.00	24	13.33	0
300	pixel	125	202	1953.67	492.00	23	13.33	0
301	pixel	125	203	2089.67	887	23	13.33	0
302	pixel	125	204	1853.67	797	24	13.33	0
303	pixel	125	205	1753.67	1182	24	13.33	0
304	pixel	125	206	2012.67	1277	23	13.33	0
305	pixel	125	207	1720.67	934	24	13.33	0
306	pixel	125	208	2002.67	1027	23	13.33	0
307	pixel	125	209	2283.67	261.00	24	13.33	0
308	pixel	125	210	2538.67	389.00	23	13.33	0
309	pixel	125	211	1859.67	2141	23	13.33	0
310	pixel	125	212	1698.67	2116	24	13.33	0
311	pixel	125	213	1055.67	806	25	13.33	0
312	pixel	125	214	1026.67	923	26	13.33	0
313	pixel	125	215	1261.67	680	26	13.33	0
314	pixel	125	216	1307.67	584	25	13.33	0
315	pixel	125	217	2097.67	897	25	13.33	0
316	pixel	125	218	2114.67	924	26	13.33	0
317	pixel	125	219	2205.67	1171	26	13.33	0
318	pixel	125	220	2128.67	1170	25	13.33	0
319	pixel	125	221	1862.67	1165	26	13.33	0
320	pixel	125	222	1839.67	1102	25	13.33	0
321	pixel	125	223	1391.67	1567	25	13.33	0
322	pixel	125	224	1433.67	1630	26	13.33	0
323	pixel	125	225	1794.67	2053	25	13.33	0
324	pixel	125	226	1850.67	2078	26	13.33	0
325	pixel	125	227	2847.67	1989	25	13.33	0
326	pixel	125	228	2948.67	1917	26	13.33	0
327	pixel	125	229	1520.67	2283	25	13.33	0
328	pixel	125	230	1565.67	2341	26	13.33	0
329	pixel	125	231	1736.67	2287	25	13.33	0
330	pixel	125	232	1830.67	2312	26	13.33	0
331	pixel	125	233	2153.67	2184	26	13.33	0
332	pixel	125	234	2035.67	2175	25	13.33	0
333	pixel	125	235	1913.67	2070	30	13.33	0
334	pixel	125	236	1622.67	2084	29	13.33	0
335	pixel	125	237	1663.67	2029	30	13.33	0
336	pixel	125	238	1349.67	2064	29	13.33	0
337	pixel	125	239	2555.67	1879	30	13.33	0
338	pixel	125	240	2418.67	1870	30	13.33	0
339	pixel	125	241	2146.67	1942	29	13.33	0
340	pixel	125	242	2242.67	1955	29	13.33	0
341	pixel	128	1	1955.00	582	3	13.33	0
342	pixel	128	2	2171.67	780.67	4	13.33	0
343	pixel	128	3	2486.67	1720.67	10	13.33	0
344	pixel	128	4	2398.67	1723.67	9	13.33	0
345	pixel	128	5	1179.67	1988.67	10	13.33	0
346	pixel	128	6	1104.33	1941.67	9	13.33	0
347	pixel	128	7	1398.00	1062.67	12	13.33	0
348	pixel	128	8	1508.00	1046.67	11	13.33	0
349	pixel	128	9	2743	494.67	12	13.33	0
350	pixel	128	10	2850	488.33	11	13.33	0
351	pixel	128	11	2555	1164	14	13.33	0
352	pixel	128	12	2444	1229	13	13.33	0
353	pixel	128	13	1272.00	615	16	13.33	0
354	pixel	128	14	1261.00	605	15	13.33	0
355	pixel	128	15	2474	541	15	13.33	0
356	pixel	128	16	2478	486	16	13.33	0
357	pixel	128	17	918.00	1070.67	15	13.33	0
358	pixel	128	18	1001.67	1136.67	16	13.33	0
359	pixel	128	19	1119.67	1538.67	15	13.33	0
360	pixel	128	20	1169.67	1557.67	16	13.33	0
361	pixel	128	21	1192.67	672.67	18	13.33	0
362	pixel	128	22	1172.67	472.67	17	13.33	0
363	pixel	128	23	1265.67	1876.33	18	13.33	0
364	pixel	128	24	1190.67	1759.33	17	13.33	0
365	pixel	128	25	2727.67	1552.33	20	13.33	0
366	pixel	128	26	2593.67	1642.33	19	13.33	0
367	pixel	128	27	2766.67	1984.33	20	13.33	0
368	pixel	128	28	2576.67	1917.33	19	13.33	0
369	pixel	128	29	2986.67	1309.33	20	13.33	0
370	pixel	128	30	2865.67	1413.33	19	13.33	0
371	pixel	128	31	1815.67	518.33	21	13.33	0
372	pixel	128	32	1887.67	303.33	22	13.33	0
373	pixel	131	1	3021.00	682.00	1	13.33	0
374	pixel	131	2	2937.67	749.67	2	13.33	0
375	pixel	131	3	1948.33	1885.67	4	13.33	0
376	pixel	131	4	2708.00	1402.67	8	13.33	0
377	pixel	131	5	2707.00	662.67	8	13.33	0
378	pixel	131	6	1428.00	435.33	9	13.33	0
379	pixel	131	7	2548.67	2203	11	13.33	0
380	pixel	131	8	2942.67	1460.00	18	13.33	0
381	pixel	131	9	2492.67	1739.00	20	13.33	0
382	pixel	131	10	2055.67	421.00	19	13.33	0
383	pixel	131	11	2078.67	330.67	20	13.33	0
384	pixel	131	12	2827.67	1847.33	29	13.33	0
385	pixel	131	13	3088.67	1768.33	30	13.33	0
