050 K4-2.tif	0	0	1051 K4-2.tif	0	0	3054 K4-2.tif	0	0	5055 K4-2.tif	0	0	7056 K4-2.tif	0	0	9057 K4-2.tif	0	0	11058 K4-2.tif	0	0	13059 K4-2.tif	0	0	15060 K4-2.tif	0	0	17061 K4-2.tif	0	0	19062 K4-2.tif	0	0	21063 K4-2.tif	0	0	23064 K4-2.tif	0	0	25065 K4-2.tif	0	0	27066 K4-2.tif	0	0	29067 K4-2.tif	0	0	31068 K4-2.tif	0	0	33069 K4-2.tif	0	0	35070 K4-2.tif	0	0	37071 K4-2.tif	0	0	39072 K4-2.tif	0	0	41073 K4-2.tif	0	0	43074 K4-2.tif	0	0	45075 K4-2.tif	0	0	47076 K4-2.tif	0	0	49077 K4-2.tif	0	0	51078 K4-2.tif	0	0	53
079 K4-2.tif	0	0	55
080 K4-2.tif	0	0	57
081 K4-2.tif	0	0	59
082 K4-2.tif	0	0	61
083 K4-2.tif	0	0	63
084 K4-2.tif	0	0	65085 K4-2.tif	0	0	71
086 K4-2.tif	0	0	73
087 K4-2.tif	0	0	75
088 K4-2.tif	0	0	77
089 K4-2.tif	0	0	79
090 K4-2.tif	0	0	81
091 K4-2.tif	0	0	83
092 K4-2.tif	0	0	85050 K4-4.tif	0	0	2051 K4-4.tif	0	0	4054 K4-4.tif	0	0	6055 K4-4.tif	0	0	8056 K4-4.tif	0	0	10057 K4-4.tif	0	0	12058 K4-4.tif	0	0	14059 K4-4.tif	0	0	16060 K4-4.tif	0	0	18061 K4-4.tif	0	0	20062 K4-4.tif	0	0	22063 K4-4.tif	0	0	24064 K4-4.tif	0	0	26065 K4-4.tif	0	0	28066 K4-4.tif	0	0	30067 K4-4.tif	0	0	32068 K4-4.tif	0	0	34069 K4-4.tif	0	0	36070 K4-4.tif	0	0	38071 K4-4.tif	0	0	40072 K4-4.tif	0	0	42073 K4-4.tif	0	0	44074 K4-4.tif	0	0	46075 K4-4.tif	0	0	48076 K4-4.tif	0	0	50077 K4-4.tif	0	0	52078 K4-4.tif	0	0	54
079 K4-4.tif	0	0	56
080 K4-4.tif	0	0	58
081 K4-4.tif	0	0	60
082 K4-4.tif	0	0	62
083 K4-4.tif	0	0	64
084 K4-4.tif	0	0	66085 K4-4.tif	0	0	72
086 K4-4.tif	0	0	74
087 K4-4.tif	0	0	76
088 K4-4.tif	0	0	78
089 K4-4.tif	0	0	80
090 K4-4.tif	0	0	82
091 K4-4.tif	0	0	84
092 K4-4.tif	0	0	86