 	units	id	index	x	y	z	radius	name-id
1	pixel	112	1	2298	633.00	3	13.33	0
2	pixel	112	2	2700.67	2155.67	11	13.33	0
3	pixel	112	3	1553.67	1763.67	13	13.33	0
4	pixel	112	4	1707.33	984.67	15	13.33	0
5	pixel	112	5	2069.33	602.67	16	13.33	0
6	pixel	112	6	1282.33	1274.33	16	13.33	0
7	pixel	112	7	2893	2050.33	18	13.33	0
8	pixel	112	8	1086.00	1342.33	20	13.33	0
9	pixel	112	9	1877.67	767.33	21	13.33	0
10	pixel	112	10	2255.67	797.33	22	13.33	0
11	pixel	112	11	1538.67	847.33	22	13.33	0
12	pixel	112	12	1111.67	2059.33	21	13.33	0
13	pixel	112	13	1581.67	2286.33	22	13.33	0
14	pixel	112	14	1273.67	377.33	26	13.33	0
15	pixel	115	1	2019.00	1616	4	13.33	0
16	pixel	115	2	1978.33	2264.67	4	13.33	0
17	pixel	115	3	2689.33	2201.67	4	13.33	0
18	pixel	115	4	2791.33	2196.67	4	13.33	0
19	pixel	115	5	2013.33	673.67	3	13.33	0
20	pixel	115	6	1625.00	1168.33	5	13.33	0
21	pixel	115	7	1907.67	1431.33	5	13.33	0
22	pixel	115	8	1710.67	843.33	10	13.33	0
23	pixel	115	9	2193.67	1220.33	11	13.33	0
24	pixel	115	10	1620.67	694.33	11	13.33	0
25	pixel	115	11	1531.33	1853.33	12	13.33	0
26	pixel	115	12	1660.00	602.33	14	13.33	0
27	pixel	115	13	1020.00	851	13	13.33	0
28	pixel	115	14	1596.67	631	13	13.33	0
29	pixel	115	15	2378.67	493	14	13.33	0
30	pixel	115	16	1587.67	1272.67	14	13.33	0
31	pixel	115	17	2850.67	1740.67	14	13.33	0
32	pixel	115	18	2577.67	1759.67	13	13.33	0
33	pixel	115	19	2645.67	1112.67	13	13.33	0
34	pixel	115	20	1058.67	1148.67	14	13.33	0
35	pixel	115	21	1692.67	575.67	16	13.33	0
36	pixel	115	22	1250.67	1159.67	15	13.33	0
37	pixel	115	23	2364.67	1964.67	16	13.33	0
38	pixel	115	24	2608.67	1508.67	16	13.33	0
39	pixel	115	25	1241.67	2113.67	16	13.33	0
40	pixel	115	26	2721.67	2181.67	16	13.33	0
41	pixel	115	27	1418.67	775.67	17	13.33	0
42	pixel	115	28	1756.67	1671.67	17	13.33	0
43	pixel	115	29	1045.67	1382.67	18	13.33	0
44	pixel	115	30	1140.67	1621.67	18	13.33	0
45	pixel	115	31	2913.67	1648.67	17	13.33	0
46	pixel	115	32	1492.67	881.67	20	13.33	0
47	pixel	115	33	1399.67	685.67	19	13.33	0
48	pixel	115	34	1411.67	1119.67	20	13.33	0
49	pixel	115	35	2726.67	749.67	19	13.33	0
50	pixel	115	36	2815.67	943.67	19	13.33	0
51	pixel	115	37	2591.67	1100.67	19	13.33	0
52	pixel	115	38	2678.67	400.67	19	13.33	0
53	pixel	115	39	1086.67	1405.33	19	13.33	0
54	pixel	115	40	2683.67	1594.33	20	13.33	0
55	pixel	115	41	2584.67	1678.33	19	13.33	0
56	pixel	115	42	2902.67	2003.33	19	13.33	0
57	pixel	115	43	1975.67	2181.33	20	13.33	0
58	pixel	115	44	1752.67	540.33	20	13.33	0
59	pixel	115	45	1481.67	676.33	21	13.33	0
60	pixel	115	46	1786.67	1025.33	22	13.33	0
61	pixel	115	47	2074.67	907.33	22	13.33	0
62	pixel	115	48	1903.67	1430.33	21	13.33	0
63	pixel	115	49	2034.67	1086.33	23	13.33	0
64	pixel	115	50	1997.67	735.33	23	13.33	0
65	pixel	115	51	2468.67	651.33	24	13.33	0
66	pixel	115	52	2915.67	971.33	24	13.33	0
67	pixel	115	53	1561.67	1580.33	24	13.33	0
68	pixel	115	54	1479.67	1914.33	24	13.33	0
69	pixel	115	55	2826.67	1184.33	23	13.33	0
70	pixel	115	56	1182.67	1148.33	28	13.33	0
71	pixel	115	57	2002.67	1496.33	27	13.33	0
72	pixel	118	1	1237.00	947	4	13.33	0
73	pixel	118	2	1300.67	732.67	3	13.33	0
74	pixel	118	3	1898.67	1188.33	4	13.33	0
75	pixel	118	4	1760.67	1027.33	3	13.33	0
76	pixel	118	5	2308.67	1188.33	4	13.33	0
77	pixel	118	6	2232.67	1045.33	3	13.33	0
78	pixel	118	7	1191.67	589.33	4	13.33	0
79	pixel	118	8	1314.33	378.00	3	13.33	0
80	pixel	118	9	1211.33	579.67	3	13.33	0
81	pixel	118	10	1914.33	468.67	3	13.33	0
82	pixel	118	11	1872.33	612.67	4	13.33	0
83	pixel	118	12	1129.33	1280.67	4	13.33	0
84	pixel	118	13	1113.00	1032.67	3	13.33	0
85	pixel	118	14	1704.67	1713.67	3	13.33	0
86	pixel	118	15	1792.67	1953.67	4	13.33	0
87	pixel	118	16	1469.67	1793.67	4	13.33	0
88	pixel	118	17	1390.67	1513.67	3	13.33	0
89	pixel	118	18	1327.67	1265.67	3	13.33	0
90	pixel	118	19	1419.67	1284.67	3	13.33	0
91	pixel	118	20	1350.67	1515.67	4	13.33	0
92	pixel	118	21	1458.67	1512.67	4	13.33	0
93	pixel	118	22	1025.67	1637.67	3	13.33	0
94	pixel	118	23	1056.33	1951.67	4	13.33	0
95	pixel	118	24	2707.33	1927.67	4	13.33	0
96	pixel	118	25	2597.33	1802.67	3	13.33	0
97	pixel	118	26	2401.33	1795.67	4	13.33	0
98	pixel	118	27	2253.33	1636.67	3	13.33	0
99	pixel	118	28	1589.33	1679.67	4	13.33	0
100	pixel	118	29	1525.33	1428.67	3	13.33	0
101	pixel	118	30	2760.33	987.67	5	13.33	0
102	pixel	118	31	2690.33	972.67	6	13.33	0
103	pixel	118	32	1697.33	1707.67	5	13.33	0
104	pixel	118	33	1727.33	1772.67	6	13.33	0
105	pixel	118	34	973.33	1805.67	5	13.33	0
106	pixel	118	35	1042.00	1995.67	6	13.33	0
107	pixel	118	36	2249	2226.67	5	13.33	0
108	pixel	118	37	2350	2280.67	6	13.33	0
109	pixel	118	38	2676	2065.67	6	13.33	0
110	pixel	118	39	2926.00	2039.67	6	13.33	0
111	pixel	118	40	2888.00	2000.67	5	13.33	0
112	pixel	118	41	2620	2042.67	5	13.33	0
113	pixel	118	42	1407.00	1438.67	9	13.33	0
114	pixel	118	43	1346.00	1403.67	10	13.33	0
115	pixel	118	44	1927	1620.67	10	13.33	0
116	pixel	118	45	1903	1632.67	9	13.33	0
117	pixel	118	46	1199.00	1587.67	10	13.33	0
118	pixel	118	47	1239.00	1564.67	9	13.33	0
119	pixel	118	48	1204.00	2193.67	9	13.33	0
120	pixel	118	49	1229.00	2233.67	10	13.33	0
121	pixel	118	50	2605	2314.67	9	13.33	0
122	pixel	118	51	2663	2207.67	10	13.33	0
123	pixel	118	52	1989	606.67	11	13.33	0
124	pixel	118	53	1759.00	407.67	12	13.33	0
125	pixel	118	54	3046.00	738.67	11	13.33	0
126	pixel	118	55	2796	435.67	12	13.33	0
127	pixel	118	56	1069.00	2122.67	11	13.33	0
128	pixel	118	57	986.00	2116.67	12	13.33	0
129	pixel	118	58	1486.00	258.67	13	13.33	0
130	pixel	118	59	1162.00	364.33	14	13.33	0
131	pixel	118	60	1038.00	909.33	14	13.33	0
132	pixel	118	61	1311.00	777.33	13	13.33	0
133	pixel	118	62	1321.00	924.33	14	13.33	0
134	pixel	118	63	1630.00	852.33	13	13.33	0
135	pixel	118	64	2035	654.33	13	13.33	0
136	pixel	118	65	1752.00	683.33	14	13.33	0
137	pixel	118	66	2017	833.33	14	13.33	0
138	pixel	118	67	2270	832.33	13	13.33	0
139	pixel	118	68	2496	633.33	13	13.33	0
140	pixel	118	69	2185	643.33	14	13.33	0
141	pixel	118	70	2732	818.33	13	13.33	0
142	pixel	118	71	2350	772.33	14	13.33	0
143	pixel	118	72	3014.00	1165.33	13	13.33	0
144	pixel	118	73	2775	1097.33	14	13.33	0
145	pixel	118	74	1481.00	1766.33	14	13.33	0
146	pixel	118	75	1708.00	1678.33	13	13.33	0
147	pixel	118	76	2155	1782.33	13	13.33	0
148	pixel	118	77	1959	1853.33	14	13.33	0
149	pixel	118	78	2249	1650.33	14	13.33	0
150	pixel	118	79	2492	1643.33	13	13.33	0
151	pixel	118	80	1329.00	2080.33	14	13.33	0
152	pixel	118	81	1516.00	1969.33	13	13.33	0
153	pixel	118	82	1862	611.33	16	13.33	0
154	pixel	118	83	1984	678.33	15	13.33	0
155	pixel	118	84	1430.00	696.33	15	13.33	0
156	pixel	118	85	1297.00	695.33	16	13.33	0
157	pixel	118	86	1899	1135.33	15	13.33	0
158	pixel	118	87	1757.00	1092.33	16	13.33	0
159	pixel	118	88	2446	1220.33	15	13.33	0
160	pixel	118	89	2241	1074.33	16	13.33	0
161	pixel	118	90	2613	919.33	15	13.33	0
162	pixel	118	91	2508	766.33	16	13.33	0
163	pixel	118	92	2738	970.33	16	13.33	0
164	pixel	118	93	2820	1147.33	15	13.33	0
165	pixel	118	94	2776	350.33	16	13.33	0
166	pixel	118	95	2947.00	510.33	15	13.33	0
167	pixel	118	96	1625.00	1675.33	16	13.33	0
168	pixel	118	97	1671.00	1691.33	15	13.33	0
169	pixel	118	98	1584.00	1955.33	15	13.33	0
170	pixel	118	99	1568.00	1969.33	16	13.33	0
171	pixel	118	100	2365	1608.33	16	13.33	0
172	pixel	118	101	2414	1716.33	15	13.33	0
173	pixel	118	102	2188	1599.33	16	13.33	0
174	pixel	118	103	2238	1693.33	15	13.33	0
175	pixel	118	104	2166	1525.33	15	13.33	0
176	pixel	118	105	2121	1453.33	16	13.33	0
177	pixel	118	106	2670	1352.33	16	13.33	0
178	pixel	118	107	2751	1500.33	15	13.33	0
179	pixel	118	108	1148.00	2179.33	15	13.33	0
180	pixel	118	109	1151.00	2236.33	16	13.33	0
181	pixel	118	110	2016	2357.33	15	13.33	0
182	pixel	118	111	2033	2261.33	16	13.33	0
183	pixel	118	112	1116.00	730.33	17	13.33	0
184	pixel	118	113	1081.00	908.33	18	13.33	0
185	pixel	118	114	1655.00	659.33	17	13.33	0
186	pixel	118	115	1587.00	748.33	18	13.33	0
187	pixel	118	116	1487.00	862.33	18	13.33	0
188	pixel	118	117	1564.00	757.33	17	13.33	0
189	pixel	118	118	1100.00	889.33	17	13.33	0
190	pixel	118	119	1077.00	1030.33	18	13.33	0
191	pixel	118	120	1147.00	236.33	17	13.33	0
192	pixel	118	121	1021.00	377.00	18	13.33	0
193	pixel	118	122	2232	1195.00	17	13.33	0
194	pixel	118	123	2226	1266.00	18	13.33	0
195	pixel	118	124	1708.00	1505.00	17	13.33	0
196	pixel	118	125	1727.00	1610.00	18	13.33	0
197	pixel	118	126	1596.00	1876.00	18	13.33	0
198	pixel	118	127	1539.00	1729.00	17	13.33	0
199	pixel	118	128	1740.00	1368.00	18	13.33	0
200	pixel	118	129	1752.00	1267.00	17	13.33	0
201	pixel	118	130	1156.00	2043.00	18	13.33	0
202	pixel	118	131	1090.00	1881.00	17	13.33	0
203	pixel	118	132	2657	1311.00	17	13.33	0
204	pixel	118	133	2652	1342.00	18	13.33	0
205	pixel	118	134	1695.00	942.00	19	13.33	0
206	pixel	118	135	2004	1072.00	20	13.33	0
207	pixel	118	136	835.00	614.00	19	13.33	0
208	pixel	118	137	831.67	690.00	19	13.33	0
209	pixel	118	138	1099.33	826.00	20	13.33	0
210	pixel	118	139	1095.33	901.00	20	13.33	0
211	pixel	118	140	2219.33	486.00	19	13.33	0
212	pixel	118	141	2472.33	568.00	20	13.33	0
213	pixel	118	142	2656.33	777.00	20	13.33	0
214	pixel	118	143	2350.33	725.00	19	13.33	0
215	pixel	118	144	2808.33	464.00	20	13.33	0
216	pixel	118	145	2523.33	441.00	19	13.33	0
217	pixel	118	146	3022.33	518.00	20	13.33	0
218	pixel	118	147	2790.33	509.00	19	13.33	0
219	pixel	118	148	1803.33	1631.00	20	13.33	0
220	pixel	118	149	1465.33	1462.00	19	13.33	0
221	pixel	118	150	3097.33	1307.00	20	13.33	0
222	pixel	118	151	2775.33	1301.00	19	13.33	0
223	pixel	118	152	3069.33	1417.00	20	13.33	0
224	pixel	118	153	2746.33	1411.00	19	13.33	0
225	pixel	118	154	2565.33	1781.00	20	13.33	0
226	pixel	118	155	2216.33	1714.00	19	13.33	0
227	pixel	118	156	1546.33	1875.00	19	13.33	0
228	pixel	118	157	1930.33	2044.00	20	13.33	0
229	pixel	118	158	1717.33	2019.00	20	13.33	0
230	pixel	118	159	1355.33	1871.00	19	13.33	0
231	pixel	118	160	1291.33	2122	19	13.33	0
232	pixel	118	161	1741.33	2278	20	13.33	0
233	pixel	118	162	2092.33	1820.00	19	13.33	0
234	pixel	118	163	2459.33	1910.00	20	13.33	0
235	pixel	118	164	1413.33	1185.00	21	13.33	0
236	pixel	118	165	1358.33	1188.00	22	13.33	0
237	pixel	118	166	1206.33	1462.00	21	13.33	0
238	pixel	118	167	1259.33	1563.00	22	13.33	0
239	pixel	118	168	1681.33	1463.00	22	13.33	0
240	pixel	118	169	1706.33	1467.00	21	13.33	0
241	pixel	118	170	1399.33	1164.00	24	13.33	0
242	pixel	118	171	1517.33	1073.00	23	13.33	0
243	pixel	118	172	2115.33	1357.00	23	13.33	0
244	pixel	118	173	1997.33	1435.00	24	13.33	0
245	pixel	118	174	2029.33	1531.00	24	13.33	0
246	pixel	118	175	2110.33	1460.00	23	13.33	0
247	pixel	118	176	2904.33	1469.00	24	13.33	0
248	pixel	118	177	2967.33	1528.00	23	13.33	0
249	pixel	118	178	2566.33	1231.00	24	13.33	0
250	pixel	118	179	2650.33	1234.00	23	13.33	0
251	pixel	118	180	1277.33	1943.00	23	13.33	0
252	pixel	118	181	1183.33	2071	24	13.33	0
253	pixel	118	182	1279.33	2218	24	13.33	0
254	pixel	118	183	1310.33	2053	23	13.33	0
255	pixel	118	184	1033.33	1043.00	28	13.33	0
256	pixel	118	185	1087.33	1019.00	27	13.33	0
257	pixel	118	186	1339.33	1351.00	27	13.33	0
258	pixel	118	187	1455.33	1340.00	28	13.33	0
259	pixel	118	188	1713.33	786.00	29	13.33	0
260	pixel	121	1	2068.00	607	9	13.33	0
261	pixel	121	2	1998.67	536.67	10	13.33	0
262	pixel	121	3	2198.33	1042.33	12	13.33	0
263	pixel	121	4	2383.33	1243.33	11	13.33	0
264	pixel	121	5	2260.33	833.33	12	13.33	0
265	pixel	121	6	2433.33	1056.33	11	13.33	0
266	pixel	121	7	1830.33	2181.33	13	13.33	0
267	pixel	121	8	1694.00	2268.33	14	13.33	0
268	pixel	121	9	2110.67	2211.33	13	13.33	0
269	pixel	121	10	1993.67	2297.33	14	13.33	0
270	pixel	121	11	2569.67	464.33	14	13.33	0
271	pixel	121	12	2884.67	507	13	13.33	0
272	pixel	121	13	1847.67	1078	17	13.33	0
273	pixel	121	14	1797.67	1143	18	13.33	0
274	pixel	121	15	1990.67	1285	18	13.33	0
275	pixel	121	16	1969.67	1202	17	13.33	0
276	pixel	121	17	2856.67	1287	18	13.33	0
277	pixel	121	18	2852.67	1296	17	13.33	0
278	pixel	121	19	1806.67	2076	19	13.33	0
279	pixel	121	20	2195.67	2172	20	13.33	0
280	pixel	121	21	1910.67	2224	19	13.33	0
281	pixel	121	22	2337.67	2290	20	13.33	0
282	pixel	121	23	1342.67	845	24	13.33	0
283	pixel	121	24	1511.33	685	23	13.33	0
284	pixel	121	25	1505.33	542	25	13.33	0
285	pixel	121	26	1613.33	478.00	26	13.33	0
286	pixel	121	27	1256.33	548	25	13.33	0
287	pixel	121	28	1873.00	432.00	26	13.33	0
288	pixel	124	1	1717	997.00	3	13.33	0
289	pixel	124	2	1577.67	1614.67	3	13.33	0
290	pixel	124	3	2443.33	2059.67	3	13.33	0
291	pixel	124	4	2787.33	583.67	4	13.33	0
292	pixel	124	5	1611.33	612.33	3	13.33	0
293	pixel	124	6	2461.33	857.33	14	13.33	0
294	pixel	124	7	2233.33	1216.33	15	13.33	0
295	pixel	124	8	807.33	1094.33	19	13.33	0
296	pixel	124	9	1928	1143.33	24	13.33	0
297	pixel	124	10	2390	1433.33	23	13.33	0
298	pixel	124	11	1863	2461.33	27	13.33	0
